,x,y,z,t
260898,-1.99265625,-9.5034375,2.60578125,8153.0
260899,-2.1459375,-9.5034375,2.60578125,8153.03125
260900,-1.99265625,-9.350156250000001,2.7590625,8153.0625
260901,-2.1459375,-9.350156250000001,2.7590625,8153.09375
260902,-1.99265625,-9.350156250000001,2.60578125,8153.125
260903,-1.99265625,-9.350156250000001,2.60578125,8153.15625
260904,-2.1459375,-9.350156250000001,2.60578125,8153.1875
260905,-2.1459375,-9.350156250000001,2.7590625,8153.21875
260906,-1.99265625,-9.350156250000001,2.60578125,8153.25
260907,-2.1459375,-9.350156250000001,2.60578125,8153.28125
260908,-1.99265625,-9.350156250000001,2.7590625,8153.3125
260909,-1.99265625,-9.350156250000001,2.60578125,8153.34375
260910,-1.99265625,-9.350156250000001,2.60578125,8153.375
260911,-2.1459375,-9.350156250000001,2.60578125,8153.40625
260912,-2.1459375,-9.350156250000001,2.60578125,8153.4375
260913,-1.99265625,-9.350156250000001,2.60578125,8153.46875
260914,-1.99265625,-9.350156250000001,2.60578125,8153.5
260915,-1.99265625,-9.350156250000001,2.60578125,8153.53125
260916,-1.839375,-9.5034375,2.60578125,8153.5625
260917,-1.839375,-9.5034375,2.60578125,8153.59375
260918,-1.839375,-9.350156250000001,2.60578125,8153.625
260919,-1.99265625,-9.350156250000001,2.60578125,8153.65625
260920,-1.99265625,-9.350156250000001,2.60578125,8153.6875
260921,-1.839375,-9.5034375,2.4525,8153.71875
260922,-1.6860937500000002,-9.5034375,2.7590625,8153.75
260923,-2.1459375,-9.350156250000001,2.60578125,8153.78125
260924,-2.29921875,-9.5034375,2.60578125,8153.8125
260925,-1.6860937500000002,-9.5034375,2.7590625,8153.84375
260926,-1.839375,-9.350156250000001,2.7590625,8153.875
260927,-1.839375,-9.350156250000001,2.7590625,8153.90625
260928,-1.839375,-9.350156250000001,2.60578125,8153.9375
260929,-1.99265625,-9.350156250000001,2.60578125,8153.96875
260930,-1.6860937500000002,-9.350156250000001,2.60578125,8154.0
260931,-1.839375,-9.350156250000001,2.60578125,8154.03125
260932,-1.839375,-9.350156250000001,2.60578125,8154.0625
260933,-1.839375,-9.5034375,2.7590625,8154.09375
260934,-1.839375,-9.350156250000001,2.7590625,8154.125
260935,-1.839375,-9.350156250000001,2.60578125,8154.15625
260936,-1.839375,-9.350156250000001,2.7590625,8154.1875
260937,-1.99265625,-9.350156250000001,2.7590625,8154.21875
260938,-2.1459375,-9.350156250000001,2.60578125,8154.25
260939,-2.1459375,-9.350156250000001,2.7590625,8154.28125
260940,-1.99265625,-9.350156250000001,2.60578125,8154.3125
260941,-1.839375,-9.5034375,2.60578125,8154.34375
260942,-1.839375,-9.5034375,2.60578125,8154.375
260943,-1.839375,-9.5034375,2.60578125,8154.40625
260944,-1.839375,-9.350156250000001,2.60578125,8154.4375
260945,-1.839375,-9.350156250000001,2.60578125,8154.46875
260946,-1.99265625,-9.350156250000001,2.60578125,8154.5
260947,-1.99265625,-9.350156250000001,2.60578125,8154.53125
260948,-1.99265625,-9.5034375,2.60578125,8154.5625
260949,-1.99265625,-9.350156250000001,2.60578125,8154.59375
260950,-1.839375,-9.5034375,2.60578125,8154.625
260951,-1.99265625,-9.350156250000001,2.60578125,8154.65625
260952,-1.99265625,-9.350156250000001,2.60578125,8154.6875
260953,-1.99265625,-9.350156250000001,2.60578125,8154.71875
260954,-1.99265625,-9.350156250000001,2.60578125,8154.75
260955,-1.99265625,-9.5034375,2.60578125,8154.78125
260956,-2.1459375,-9.350156250000001,2.60578125,8154.8125
260957,-2.1459375,-9.350156250000001,2.60578125,8154.84375
260958,-2.1459375,-9.350156250000001,2.60578125,8154.875
260959,-2.1459375,-9.350156250000001,2.60578125,8154.90625
260960,-2.1459375,-9.350156250000001,2.60578125,8154.9375
260961,-2.1459375,-9.5034375,2.60578125,8154.96875
260962,-2.1459375,-9.5034375,2.60578125,8155.0
260963,-2.1459375,-9.350156250000001,2.4525,8155.03125
260964,-1.99265625,-9.350156250000001,2.4525,8155.0625
260965,-1.99265625,-9.350156250000001,2.4525,8155.09375
260966,-2.1459375,-9.5034375,2.4525,8155.125
260967,-2.1459375,-9.5034375,2.4525,8155.15625
260968,-2.1459375,-9.350156250000001,2.4525,8155.1875
260969,-2.1459375,-9.350156250000001,2.4525,8155.21875
260970,-2.1459375,-9.350156250000001,2.4525,8155.25
260971,-2.1459375,-9.5034375,2.60578125,8155.28125
260972,-1.99265625,-9.350156250000001,2.4525,8155.3125
260973,-1.99265625,-9.5034375,2.4525,8155.34375
260974,-1.99265625,-9.350156250000001,2.4525,8155.375
260975,-1.99265625,-9.5034375,2.4525,8155.40625
260976,-1.99265625,-9.5034375,2.4525,8155.4375
260977,-2.1459375,-9.350156250000001,2.4525,8155.46875
260978,-1.99265625,-9.350156250000001,2.4525,8155.5
260979,-1.99265625,-9.350156250000001,2.4525,8155.53125
260980,-1.99265625,-9.5034375,2.4525,8155.5625
260981,-1.99265625,-9.5034375,2.4525,8155.59375
260982,-1.99265625,-9.350156250000001,2.4525,8155.625
260983,-1.99265625,-9.5034375,2.4525,8155.65625
260984,-1.99265625,-9.5034375,2.4525,8155.6875
260985,-1.99265625,-9.5034375,2.4525,8155.71875
260986,-1.99265625,-9.5034375,2.60578125,8155.75
260987,-1.99265625,-9.5034375,2.60578125,8155.78125
260988,-1.99265625,-9.5034375,2.4525,8155.8125
260989,-2.1459375,-9.350156250000001,2.4525,8155.84375
260990,-2.1459375,-9.350156250000001,2.4525,8155.875
260991,-2.1459375,-9.350156250000001,2.4525,8155.90625
260992,-2.1459375,-9.350156250000001,2.60578125,8155.9375
260993,-2.1459375,-9.5034375,2.4525,8155.96875
260994,-2.1459375,-9.5034375,2.60578125,8156.0
260995,-1.99265625,-9.5034375,2.4525,8156.03125
260996,-1.99265625,-9.5034375,2.4525,8156.0625
260997,-1.99265625,-9.350156250000001,2.4525,8156.09375
260998,-2.1459375,-9.5034375,2.4525,8156.125
260999,-1.99265625,-9.5034375,2.4525,8156.15625
261000,-2.1459375,-9.5034375,2.4525,8156.1875
261001,-2.1459375,-9.5034375,2.4525,8156.21875
261002,-2.1459375,-9.5034375,2.4525,8156.25
261003,-2.1459375,-9.350156250000001,2.4525,8156.28125
261004,-2.1459375,-9.350156250000001,2.4525,8156.3125
261005,-2.1459375,-9.350156250000001,2.4525,8156.34375
261006,-2.1459375,-9.350156250000001,2.4525,8156.375
261007,-2.29921875,-9.350156250000001,2.4525,8156.40625
261008,-2.1459375,-9.350156250000001,2.4525,8156.4375
261009,-2.1459375,-9.350156250000001,2.4525,8156.46875
261010,-1.99265625,-9.350156250000001,2.4525,8156.5
261011,-1.99265625,-9.5034375,2.4525,8156.53125
261012,-1.99265625,-9.350156250000001,2.4525,8156.5625
261013,-2.1459375,-9.350156250000001,2.4525,8156.59375
261014,-2.1459375,-9.5034375,2.4525,8156.625
261015,-2.1459375,-9.5034375,2.4525,8156.65625
261016,-1.99265625,-9.5034375,2.60578125,8156.6875
261017,-2.1459375,-9.5034375,2.4525,8156.71875
261018,-2.1459375,-9.350156250000001,2.4525,8156.75
261019,-2.29921875,-9.350156250000001,2.4525,8156.78125
261020,-2.29921875,-9.350156250000001,2.60578125,8156.8125
261021,-2.29921875,-9.350156250000001,2.4525,8156.84375
261022,-2.4525,-9.350156250000001,2.60578125,8156.875
261023,-2.29921875,-9.350156250000001,2.4525,8156.90625
261024,-2.29921875,-9.350156250000001,2.4525,8156.9375
261025,-2.29921875,-9.350156250000001,2.60578125,8156.96875
261026,-2.1459375,-9.5034375,2.4525,8157.0
261027,-2.1459375,-9.350156250000001,2.4525,8157.03125
261028,-2.1459375,-9.350156250000001,2.4525,8157.0625
261029,-2.1459375,-9.350156250000001,2.4525,8157.09375
261030,-1.99265625,-9.350156250000001,2.4525,8157.125
261031,-1.99265625,-9.5034375,2.4525,8157.15625
261032,-1.99265625,-9.5034375,2.4525,8157.1875
261033,-1.839375,-9.5034375,2.4525,8157.21875
261034,-1.839375,-9.5034375,2.4525,8157.25
261035,-1.839375,-9.350156250000001,2.4525,8157.28125
261036,-1.839375,-9.5034375,2.4525,8157.3125
261037,-1.839375,-9.5034375,2.4525,8157.34375
261038,-1.99265625,-9.5034375,2.4525,8157.375
261039,-1.99265625,-9.5034375,2.4525,8157.40625
261040,-1.99265625,-9.5034375,2.4525,8157.4375
261041,-1.99265625,-9.5034375,2.60578125,8157.46875
261042,-1.99265625,-9.5034375,2.4525,8157.5
261043,-2.1459375,-9.350156250000001,2.4525,8157.53125
261044,-2.1459375,-9.5034375,2.4525,8157.5625
261045,-2.1459375,-9.5034375,2.4525,8157.59375
261046,-1.99265625,-9.350156250000001,2.4525,8157.625
261047,-2.1459375,-9.350156250000001,2.4525,8157.65625
261048,-1.99265625,-9.5034375,2.60578125,8157.6875
261049,-1.99265625,-9.5034375,2.60578125,8157.71875
261050,-1.99265625,-9.350156250000001,2.4525,8157.75
261051,-1.99265625,-9.5034375,2.4525,8157.78125
261052,-1.99265625,-9.5034375,2.4525,8157.8125
261053,-1.99265625,-9.350156250000001,2.60578125,8157.84375
261054,-1.99265625,-9.350156250000001,2.60578125,8157.875
261055,-1.99265625,-9.5034375,2.60578125,8157.90625
261056,-1.839375,-9.5034375,2.60578125,8157.9375
261057,-1.99265625,-9.5034375,2.60578125,8157.96875
261058,-1.99265625,-9.350156250000001,2.60578125,8158.0
261059,-1.839375,-9.350156250000001,2.60578125,8158.03125
261060,-1.99265625,-9.350156250000001,2.60578125,8158.0625
261061,-1.99265625,-9.350156250000001,2.7590625,8158.09375
261062,-2.1459375,-9.350156250000001,2.7590625,8158.125
261063,-2.1459375,-9.350156250000001,2.7590625,8158.15625
261064,-2.1459375,-9.350156250000001,2.7590625,8158.1875
261065,-2.1459375,-9.350156250000001,2.60578125,8158.21875
261066,-2.1459375,-9.350156250000001,2.7590625,8158.25
261067,-2.1459375,-9.350156250000001,2.7590625,8158.28125
261068,-2.1459375,-9.350156250000001,2.7590625,8158.3125
261069,-2.1459375,-9.350156250000001,2.60578125,8158.34375
261070,-2.1459375,-9.350156250000001,2.60578125,8158.375
261071,-2.1459375,-9.350156250000001,2.60578125,8158.40625
261072,-2.1459375,-9.350156250000001,2.60578125,8158.4375
261073,-1.99265625,-9.350156250000001,2.60578125,8158.46875
261074,-1.99265625,-9.350156250000001,2.7590625,8158.5
261075,-2.1459375,-9.350156250000001,2.7590625,8158.53125
261076,-2.1459375,-9.350156250000001,2.7590625,8158.5625
261077,-2.1459375,-9.350156250000001,2.60578125,8158.59375
261078,-2.29921875,-9.350156250000001,2.7590625,8158.625
261079,-2.1459375,-9.196875,2.7590625,8158.65625
261080,-2.1459375,-9.350156250000001,2.7590625,8158.6875
261081,-2.1459375,-9.350156250000001,2.7590625,8158.71875
261082,-2.1459375,-9.350156250000001,2.60578125,8158.75
261083,-2.1459375,-9.350156250000001,2.7590625,8158.78125
261084,-2.1459375,-9.350156250000001,2.60578125,8158.8125
261085,-2.1459375,-9.350156250000001,2.7590625,8158.84375
261086,-2.29921875,-9.350156250000001,2.7590625,8158.875
261087,-2.29921875,-9.350156250000001,2.7590625,8158.90625
261088,-2.4525,-9.196875,2.7590625,8158.9375
261089,-2.4525,-9.196875,2.7590625,8158.96875
261090,-2.4525,-9.196875,2.7590625,8159.0
261091,-2.29921875,-9.350156250000001,2.7590625,8159.03125
261092,-2.29921875,-9.350156250000001,2.7590625,8159.0625
261093,-2.1459375,-9.350156250000001,2.7590625,8159.09375
261094,-2.1459375,-9.350156250000001,2.60578125,8159.125
261095,-2.1459375,-9.350156250000001,2.7590625,8159.15625
261096,-2.1459375,-9.350156250000001,2.7590625,8159.1875
261097,-2.1459375,-9.350156250000001,2.7590625,8159.21875
261098,-2.1459375,-9.350156250000001,2.60578125,8159.25
261099,-2.1459375,-9.5034375,2.60578125,8159.28125
261100,-1.99265625,-9.350156250000001,2.7590625,8159.3125
261101,-2.1459375,-9.350156250000001,2.60578125,8159.34375
261102,-2.1459375,-9.350156250000001,2.7590625,8159.375
261103,-2.29921875,-9.350156250000001,2.7590625,8159.40625
261104,-2.1459375,-9.350156250000001,2.7590625,8159.4375
261105,-2.1459375,-9.350156250000001,2.7590625,8159.46875
261106,-2.1459375,-9.350156250000001,2.60578125,8159.5
261107,-2.1459375,-9.350156250000001,2.60578125,8159.53125
261108,-2.1459375,-9.350156250000001,2.7590625,8159.5625
261109,-2.1459375,-9.350156250000001,2.7590625,8159.59375
261110,-2.1459375,-9.350156250000001,2.60578125,8159.625
261111,-2.1459375,-9.350156250000001,2.7590625,8159.65625
261112,-2.1459375,-9.350156250000001,2.7590625,8159.6875
261113,-2.1459375,-9.350156250000001,2.60578125,8159.71875
261114,-2.1459375,-9.350156250000001,2.60578125,8159.75
261115,-2.1459375,-9.350156250000001,2.60578125,8159.78125
261116,-1.99265625,-9.350156250000001,2.7590625,8159.8125
261117,-2.1459375,-9.350156250000001,2.60578125,8159.84375
261118,-1.99265625,-9.350156250000001,2.60578125,8159.875
261119,-1.99265625,-9.350156250000001,2.60578125,8159.90625
261120,-1.99265625,-9.350156250000001,2.7590625,8159.9375
261121,-2.1459375,-9.350156250000001,2.60578125,8159.96875
261122,-2.1459375,-9.350156250000001,2.60578125,8160.0
261123,-1.99265625,-9.350156250000001,2.60578125,8160.03125
261124,-2.1459375,-9.350156250000001,2.7590625,8160.0625
261125,-2.1459375,-9.350156250000001,2.60578125,8160.09375
261126,-2.1459375,-9.5034375,2.60578125,8160.125
261127,-2.1459375,-9.350156250000001,2.60578125,8160.15625
261128,-2.1459375,-9.350156250000001,2.60578125,8160.1875
261129,-1.99265625,-9.350156250000001,2.60578125,8160.21875
261130,-1.99265625,-9.350156250000001,2.60578125,8160.25
261131,-1.99265625,-9.5034375,2.60578125,8160.28125
261132,-1.99265625,-9.350156250000001,2.60578125,8160.3125
261133,-2.1459375,-9.350156250000001,2.60578125,8160.34375
261134,-1.99265625,-9.350156250000001,2.60578125,8160.375
261135,-1.99265625,-9.350156250000001,2.60578125,8160.40625
261136,-1.99265625,-9.350156250000001,2.60578125,8160.4375
261137,-1.99265625,-9.350156250000001,2.60578125,8160.46875
261138,-2.1459375,-9.5034375,2.60578125,8160.5
261139,-1.99265625,-9.350156250000001,2.60578125,8160.53125
261140,-1.99265625,-9.350156250000001,2.60578125,8160.5625
261141,-1.99265625,-9.350156250000001,2.60578125,8160.59375
261142,-1.99265625,-9.350156250000001,2.60578125,8160.625
261143,-1.99265625,-9.350156250000001,2.60578125,8160.65625
261144,-1.99265625,-9.5034375,2.60578125,8160.6875
261145,-1.99265625,-9.5034375,2.60578125,8160.71875
261146,-2.1459375,-9.5034375,2.60578125,8160.75
261147,-1.99265625,-9.350156250000001,2.60578125,8160.78125
261148,-1.99265625,-9.350156250000001,2.60578125,8160.8125
261149,-1.839375,-9.350156250000001,2.60578125,8160.84375
261150,-1.99265625,-9.350156250000001,2.60578125,8160.875
261151,-1.99265625,-9.5034375,2.60578125,8160.90625
261152,-1.99265625,-9.5034375,2.60578125,8160.9375
261153,-2.1459375,-9.350156250000001,2.60578125,8160.96875
261154,-1.99265625,-9.350156250000001,2.60578125,8161.0
261155,-1.99265625,-9.5034375,2.60578125,8161.03125
261156,-1.99265625,-9.5034375,2.60578125,8161.0625
261157,-1.99265625,-9.350156250000001,2.4525,8161.09375
261158,-1.99265625,-9.350156250000001,2.60578125,8161.125
261159,-1.99265625,-9.350156250000001,2.60578125,8161.15625
261160,-1.99265625,-9.350156250000001,2.60578125,8161.1875
261161,-1.99265625,-9.5034375,2.60578125,8161.21875
261162,-1.99265625,-9.350156250000001,2.60578125,8161.25
261163,-1.99265625,-9.5034375,2.4525,8161.28125
261164,-1.99265625,-9.5034375,2.60578125,8161.3125
261165,-1.99265625,-9.5034375,2.60578125,8161.34375
261166,-1.99265625,-9.350156250000001,2.60578125,8161.375
261167,-1.99265625,-9.350156250000001,2.60578125,8161.40625
261168,-1.99265625,-9.5034375,2.4525,8161.4375
261169,-1.99265625,-9.5034375,2.4525,8161.46875
261170,-1.99265625,-9.5034375,2.4525,8161.5
261171,-1.99265625,-9.350156250000001,2.60578125,8161.53125
261172,-1.99265625,-9.350156250000001,2.60578125,8161.5625
261173,-1.99265625,-9.350156250000001,2.60578125,8161.59375
261174,-1.99265625,-9.350156250000001,2.60578125,8161.625
261175,-1.99265625,-9.350156250000001,2.60578125,8161.65625
261176,-1.99265625,-9.5034375,2.60578125,8161.6875
261177,-2.1459375,-9.350156250000001,2.60578125,8161.71875
261178,-2.29921875,-9.350156250000001,2.60578125,8161.75
261179,-2.1459375,-9.350156250000001,2.60578125,8161.78125
261180,-2.1459375,-9.350156250000001,2.60578125,8161.8125
261181,-2.1459375,-9.5034375,2.60578125,8161.84375
261182,-2.1459375,-9.350156250000001,2.60578125,8161.875
261183,-2.1459375,-9.350156250000001,2.7590625,8161.90625
261184,-2.1459375,-9.350156250000001,2.60578125,8161.9375
261185,-2.1459375,-9.350156250000001,2.7590625,8161.96875
261186,-2.1459375,-9.350156250000001,2.7590625,8162.0
261187,-2.1459375,-9.350156250000001,2.7590625,8162.03125
261188,-2.1459375,-9.350156250000001,2.60578125,8162.0625
261189,-2.1459375,-9.350156250000001,2.60578125,8162.09375
261190,-2.29921875,-9.350156250000001,2.7590625,8162.125
261191,-2.29921875,-9.350156250000001,2.7590625,8162.15625
261192,-2.29921875,-9.350156250000001,2.7590625,8162.1875
261193,-2.29921875,-9.350156250000001,2.60578125,8162.21875
261194,-2.29921875,-9.350156250000001,2.7590625,8162.25
261195,-2.29921875,-9.350156250000001,2.7590625,8162.28125
261196,-2.29921875,-9.350156250000001,2.7590625,8162.3125
261197,-2.29921875,-9.350156250000001,2.60578125,8162.34375
261198,-2.29921875,-9.350156250000001,2.60578125,8162.375
261199,-2.29921875,-9.350156250000001,2.60578125,8162.40625
261200,-2.4525,-9.196875,2.7590625,8162.4375
261201,-2.4525,-9.350156250000001,2.7590625,8162.46875
261202,-2.29921875,-9.350156250000001,2.7590625,8162.5
261203,-2.4525,-9.350156250000001,2.7590625,8162.53125
261204,-2.29921875,-9.196875,2.7590625,8162.5625
261205,-2.29921875,-9.350156250000001,2.60578125,8162.59375
261206,-2.29921875,-9.350156250000001,2.60578125,8162.625
261207,-2.29921875,-9.350156250000001,2.7590625,8162.65625
261208,-2.29921875,-9.350156250000001,2.7590625,8162.6875
261209,-2.29921875,-9.350156250000001,2.60578125,8162.71875
261210,-2.29921875,-9.350156250000001,2.60578125,8162.75
261211,-2.29921875,-9.350156250000001,2.7590625,8162.78125
261212,-2.29921875,-9.350156250000001,2.7590625,8162.8125
261213,-2.29921875,-9.350156250000001,2.60578125,8162.84375
261214,-2.1459375,-9.350156250000001,2.60578125,8162.875
261215,-2.1459375,-9.350156250000001,2.7590625,8162.90625
261216,-2.29921875,-9.350156250000001,2.60578125,8162.9375
261217,-2.1459375,-9.350156250000001,2.7590625,8162.96875
261218,-2.29921875,-9.350156250000001,2.60578125,8163.0
261219,-2.29921875,-9.350156250000001,2.60578125,8163.03125
261220,-2.29921875,-9.196875,2.7590625,8163.0625
261221,-2.29921875,-9.350156250000001,2.7590625,8163.09375
261222,-2.29921875,-9.350156250000001,2.7590625,8163.125
261223,-2.29921875,-9.350156250000001,2.7590625,8163.15625
261224,-2.29921875,-9.350156250000001,2.60578125,8163.1875
261225,-2.29921875,-9.196875,2.7590625,8163.21875
261226,-2.29921875,-9.350156250000001,2.60578125,8163.25
261227,-2.29921875,-9.350156250000001,2.7590625,8163.28125
261228,-2.4525,-9.196875,2.7590625,8163.3125
261229,-2.29921875,-9.196875,2.60578125,8163.34375
261230,-2.29921875,-9.196875,2.7590625,8163.375
261231,-2.29921875,-9.350156250000001,2.7590625,8163.40625
261232,-2.29921875,-9.350156250000001,2.7590625,8163.4375
261233,-2.4525,-9.196875,2.7590625,8163.46875
261234,-2.29921875,-9.350156250000001,2.7590625,8163.5
261235,-2.29921875,-9.196875,2.7590625,8163.53125
261236,-2.29921875,-9.350156250000001,2.7590625,8163.5625
261237,-2.29921875,-9.350156250000001,2.7590625,8163.59375
261238,-2.29921875,-9.350156250000001,2.7590625,8163.625
261239,-2.29921875,-9.350156250000001,2.7590625,8163.65625
261240,-2.29921875,-9.350156250000001,2.7590625,8163.6875
261241,-2.29921875,-9.350156250000001,2.7590625,8163.71875
261242,-2.29921875,-9.350156250000001,2.60578125,8163.75
261243,-2.29921875,-9.350156250000001,2.60578125,8163.78125
261244,-2.29921875,-9.350156250000001,2.60578125,8163.8125
261245,-2.29921875,-9.350156250000001,2.7590625,8163.84375
261246,-2.29921875,-9.350156250000001,2.7590625,8163.875
261247,-2.4525,-9.350156250000001,2.60578125,8163.90625
261248,-2.4525,-9.350156250000001,2.60578125,8163.9375
261249,-2.29921875,-9.350156250000001,2.60578125,8163.96875
261250,-2.29921875,-9.196875,2.7590625,8164.0
261251,-2.29921875,-9.350156250000001,2.60578125,8164.03125
261252,-2.4525,-9.350156250000001,2.60578125,8164.0625
261253,-2.4525,-9.350156250000001,2.60578125,8164.09375
261254,-2.29921875,-9.196875,2.7590625,8164.125
261255,-2.29921875,-9.350156250000001,2.60578125,8164.15625
261256,-2.29921875,-9.350156250000001,2.60578125,8164.1875
261257,-2.29921875,-9.350156250000001,2.60578125,8164.21875
261258,-2.29921875,-9.350156250000001,2.60578125,8164.25
261259,-2.29921875,-9.350156250000001,2.60578125,8164.28125
261260,-2.29921875,-9.350156250000001,2.60578125,8164.3125
261261,-2.29921875,-9.350156250000001,2.60578125,8164.34375
261262,-2.29921875,-9.350156250000001,2.60578125,8164.375
261263,-2.29921875,-9.350156250000001,2.60578125,8164.40625
261264,-2.29921875,-9.350156250000001,2.60578125,8164.4375
261265,-2.29921875,-9.350156250000001,2.60578125,8164.46875
261266,-2.29921875,-9.350156250000001,2.60578125,8164.5
261267,-2.29921875,-9.350156250000001,2.60578125,8164.53125
261268,-2.29921875,-9.350156250000001,2.60578125,8164.5625
261269,-2.29921875,-9.350156250000001,2.60578125,8164.59375
261270,-2.29921875,-9.350156250000001,2.60578125,8164.625
261271,-2.29921875,-9.350156250000001,2.60578125,8164.65625
261272,-2.4525,-9.350156250000001,2.60578125,8164.6875
261273,-2.29921875,-9.350156250000001,2.60578125,8164.71875
261274,-2.29921875,-9.350156250000001,2.60578125,8164.75
261275,-2.29921875,-9.350156250000001,2.60578125,8164.78125
261276,-2.29921875,-9.350156250000001,2.60578125,8164.8125
261277,-2.29921875,-9.350156250000001,2.60578125,8164.84375
261278,-2.29921875,-9.350156250000001,2.60578125,8164.875
261279,-2.29921875,-9.350156250000001,2.60578125,8164.90625
261280,-2.29921875,-9.350156250000001,2.60578125,8164.9375
261281,-2.29921875,-9.5034375,2.4525,8164.96875
261282,-2.29921875,-9.5034375,2.4525,8165.0
261283,-2.29921875,-9.350156250000001,2.4525,8165.03125
261284,-2.1459375,-9.350156250000001,2.60578125,8165.0625
261285,-2.29921875,-9.350156250000001,2.60578125,8165.09375
261286,-2.29921875,-9.350156250000001,2.4525,8165.125
261287,-2.29921875,-9.350156250000001,2.4525,8165.15625
261288,-2.29921875,-9.350156250000001,2.4525,8165.1875
261289,-2.29921875,-9.350156250000001,2.4525,8165.21875
261290,-2.1459375,-9.350156250000001,2.4525,8165.25
261291,-2.1459375,-9.350156250000001,2.4525,8165.28125
261292,-2.1459375,-9.350156250000001,2.4525,8165.3125
261293,-2.1459375,-9.350156250000001,2.4525,8165.34375
261294,-2.1459375,-9.350156250000001,2.4525,8165.375
261295,-2.1459375,-9.350156250000001,2.4525,8165.40625
261296,-2.29921875,-9.350156250000001,2.4525,8165.4375
261297,-2.29921875,-9.350156250000001,2.4525,8165.46875
261298,-2.29921875,-9.350156250000001,2.60578125,8165.5
261299,-2.1459375,-9.5034375,2.60578125,8165.53125
261300,-2.1459375,-9.350156250000001,2.60578125,8165.5625
261301,-2.1459375,-9.350156250000001,2.4525,8165.59375
261302,-2.1459375,-9.5034375,2.4525,8165.625
261303,-2.29921875,-9.350156250000001,2.4525,8165.65625
261304,-2.29921875,-9.350156250000001,2.60578125,8165.6875
261305,-2.29921875,-9.196875,2.60578125,8165.71875
261306,-2.29921875,-9.350156250000001,2.60578125,8165.75
261307,-2.4525,-9.5034375,2.60578125,8165.78125
261308,-2.29921875,-9.350156250000001,2.60578125,8165.8125
261309,-2.1459375,-9.350156250000001,2.4525,8165.84375
261310,-2.1459375,-9.350156250000001,2.4525,8165.875
261311,-2.29921875,-9.350156250000001,2.60578125,8165.90625
261312,-2.29921875,-9.350156250000001,2.60578125,8165.9375
261313,-2.29921875,-9.350156250000001,2.60578125,8165.96875
261314,-2.29921875,-9.350156250000001,2.60578125,8166.0
261315,-2.29921875,-9.350156250000001,2.60578125,8166.03125
261316,-2.29921875,-9.350156250000001,2.60578125,8166.0625
261317,-2.29921875,-9.350156250000001,2.60578125,8166.09375
261318,-2.29921875,-9.350156250000001,2.4525,8166.125
261319,-2.29921875,-9.350156250000001,2.4525,8166.15625
261320,-2.29921875,-9.350156250000001,2.4525,8166.1875
261321,-2.29921875,-9.350156250000001,2.4525,8166.21875
261322,-2.29921875,-9.350156250000001,2.4525,8166.25
261323,-2.29921875,-9.350156250000001,2.60578125,8166.28125
261324,-2.29921875,-9.350156250000001,2.4525,8166.3125
261325,-2.29921875,-9.350156250000001,2.60578125,8166.34375
261326,-2.4525,-9.350156250000001,2.60578125,8166.375
261327,-2.29921875,-9.5034375,2.4525,8166.40625
261328,-2.4525,-9.350156250000001,2.60578125,8166.4375
261329,-2.4525,-9.350156250000001,2.60578125,8166.46875
261330,-2.29921875,-9.350156250000001,2.60578125,8166.5
261331,-2.29921875,-9.350156250000001,2.4525,8166.53125
261332,-2.29921875,-9.350156250000001,2.60578125,8166.5625
261333,-2.4525,-9.350156250000001,2.4525,8166.59375
261334,-2.4525,-9.350156250000001,2.60578125,8166.625
261335,-2.29921875,-9.350156250000001,2.4525,8166.65625
261336,-2.29921875,-9.350156250000001,2.60578125,8166.6875
261337,-2.29921875,-9.350156250000001,2.60578125,8166.71875
261338,-2.29921875,-9.350156250000001,2.60578125,8166.75
261339,-2.29921875,-9.350156250000001,2.60578125,8166.78125
261340,-2.29921875,-9.350156250000001,2.60578125,8166.8125
261341,-2.29921875,-9.350156250000001,2.60578125,8166.84375
261342,-2.29921875,-9.350156250000001,2.60578125,8166.875
261343,-2.29921875,-9.350156250000001,2.60578125,8166.90625
261344,-2.29921875,-9.350156250000001,2.60578125,8166.9375
261345,-2.29921875,-9.350156250000001,2.60578125,8166.96875
261346,-2.29921875,-9.350156250000001,2.60578125,8167.0
261347,-2.29921875,-9.350156250000001,2.60578125,8167.03125
261348,-2.29921875,-9.350156250000001,2.60578125,8167.0625
261349,-2.29921875,-9.5034375,2.60578125,8167.09375
261350,-2.29921875,-9.350156250000001,2.60578125,8167.125
261351,-2.29921875,-9.350156250000001,2.60578125,8167.15625
261352,-2.29921875,-9.350156250000001,2.60578125,8167.1875
261353,-2.29921875,-9.350156250000001,2.4525,8167.21875
261354,-2.29921875,-9.350156250000001,2.60578125,8167.25
261355,-2.29921875,-9.350156250000001,2.60578125,8167.28125
261356,-2.29921875,-9.350156250000001,2.4525,8167.3125
261357,-2.29921875,-9.5034375,2.4525,8167.34375
261358,-2.29921875,-9.350156250000001,2.60578125,8167.375
261359,-2.29921875,-9.350156250000001,2.60578125,8167.40625
261360,-2.29921875,-9.350156250000001,2.4525,8167.4375
261361,-2.29921875,-9.350156250000001,2.60578125,8167.46875
261362,-2.29921875,-9.350156250000001,2.4525,8167.5
261363,-2.29921875,-9.350156250000001,2.60578125,8167.53125
261364,-2.1459375,-9.350156250000001,2.60578125,8167.5625
261365,-2.29921875,-9.350156250000001,2.4525,8167.59375
261366,-2.29921875,-9.350156250000001,2.60578125,8167.625
261367,-2.29921875,-9.350156250000001,2.60578125,8167.65625
261368,-2.29921875,-9.350156250000001,2.60578125,8167.6875
261369,-2.29921875,-9.350156250000001,2.60578125,8167.71875
261370,-2.29921875,-9.350156250000001,2.60578125,8167.75
261371,-2.29921875,-9.350156250000001,2.60578125,8167.78125
261372,-2.29921875,-9.350156250000001,2.60578125,8167.8125
261373,-2.1459375,-9.350156250000001,2.60578125,8167.84375
261374,-2.1459375,-9.350156250000001,2.60578125,8167.875
261375,-2.1459375,-9.350156250000001,2.60578125,8167.90625
261376,-2.29921875,-9.350156250000001,2.60578125,8167.9375
261377,-2.29921875,-9.5034375,2.60578125,8167.96875
261378,-2.1459375,-9.350156250000001,2.60578125,8168.0
261379,-2.1459375,-9.350156250000001,2.60578125,8168.03125
261380,-2.1459375,-9.350156250000001,2.60578125,8168.0625
261381,-2.1459375,-9.350156250000001,2.60578125,8168.09375
261382,-2.1459375,-9.5034375,2.60578125,8168.125
261383,-2.1459375,-9.350156250000001,2.60578125,8168.15625
261384,-2.1459375,-9.350156250000001,2.60578125,8168.1875
261385,-2.1459375,-9.350156250000001,2.60578125,8168.21875
261386,-2.1459375,-9.350156250000001,2.60578125,8168.25
261387,-2.1459375,-9.350156250000001,2.60578125,8168.28125
261388,-2.1459375,-9.350156250000001,2.60578125,8168.3125
261389,-2.1459375,-9.350156250000001,2.60578125,8168.34375
261390,-2.1459375,-9.350156250000001,2.60578125,8168.375
261391,-1.99265625,-9.350156250000001,2.60578125,8168.40625
261392,-2.1459375,-9.350156250000001,2.60578125,8168.4375
261393,-2.1459375,-9.350156250000001,2.60578125,8168.46875
261394,-2.1459375,-9.350156250000001,2.60578125,8168.5
261395,-2.1459375,-9.350156250000001,2.60578125,8168.53125
261396,-2.1459375,-9.350156250000001,2.60578125,8168.5625
261397,-2.1459375,-9.350156250000001,2.60578125,8168.59375
261398,-2.1459375,-9.350156250000001,2.60578125,8168.625
261399,-1.99265625,-9.5034375,2.60578125,8168.65625
261400,-1.99265625,-9.350156250000001,2.60578125,8168.6875
261401,-2.1459375,-9.350156250000001,2.60578125,8168.71875
261402,-2.1459375,-9.5034375,2.60578125,8168.75
261403,-2.1459375,-9.350156250000001,2.60578125,8168.78125
261404,-1.99265625,-9.350156250000001,2.60578125,8168.8125
261405,-1.99265625,-9.350156250000001,2.60578125,8168.84375
261406,-1.99265625,-9.350156250000001,2.60578125,8168.875
261407,-2.1459375,-9.350156250000001,2.60578125,8168.90625
261408,-2.1459375,-9.350156250000001,2.60578125,8168.9375
261409,-2.1459375,-9.350156250000001,2.60578125,8168.96875
261410,-1.99265625,-9.350156250000001,2.60578125,8169.0
261411,-1.99265625,-9.350156250000001,2.60578125,8169.03125
261412,-2.1459375,-9.5034375,2.4525,8169.0625
261413,-1.99265625,-9.350156250000001,2.4525,8169.09375
261414,-1.99265625,-9.350156250000001,2.4525,8169.125
261415,-1.99265625,-9.350156250000001,2.4525,8169.15625
261416,-1.99265625,-9.5034375,2.4525,8169.1875
261417,-1.99265625,-9.5034375,2.4525,8169.21875
261418,-2.1459375,-9.5034375,2.60578125,8169.25
261419,-2.1459375,-9.350156250000001,2.60578125,8169.28125
261420,-2.1459375,-9.350156250000001,2.60578125,8169.3125
261421,-2.1459375,-9.350156250000001,2.60578125,8169.34375
261422,-2.1459375,-9.350156250000001,2.4525,8169.375
261423,-2.1459375,-9.350156250000001,2.60578125,8169.40625
261424,-2.1459375,-9.5034375,2.60578125,8169.4375
261425,-2.1459375,-9.350156250000001,2.60578125,8169.46875
261426,-2.1459375,-9.350156250000001,2.4525,8169.5
261427,-2.1459375,-9.5034375,2.4525,8169.53125
261428,-2.1459375,-9.350156250000001,2.60578125,8169.5625
261429,-2.1459375,-9.350156250000001,2.60578125,8169.59375
261430,-2.1459375,-9.350156250000001,2.60578125,8169.625
261431,-2.1459375,-9.350156250000001,2.60578125,8169.65625
261432,-2.1459375,-9.350156250000001,2.60578125,8169.6875
261433,-2.1459375,-9.350156250000001,2.60578125,8169.71875
261434,-2.1459375,-9.350156250000001,2.60578125,8169.75
261435,-2.1459375,-9.350156250000001,2.60578125,8169.78125
261436,-2.1459375,-9.350156250000001,2.60578125,8169.8125
261437,-2.1459375,-9.350156250000001,2.60578125,8169.84375
261438,-2.1459375,-9.350156250000001,2.60578125,8169.875
261439,-2.1459375,-9.350156250000001,2.60578125,8169.90625
261440,-2.1459375,-9.350156250000001,2.4525,8169.9375
261441,-2.1459375,-9.350156250000001,2.60578125,8169.96875
261442,-2.1459375,-9.5034375,2.60578125,8170.0
261443,-2.1459375,-9.350156250000001,2.4525,8170.03125
261444,-1.99265625,-9.350156250000001,2.4525,8170.0625
261445,-1.99265625,-9.350156250000001,2.4525,8170.09375
261446,-1.99265625,-9.5034375,2.4525,8170.125
261447,-1.99265625,-9.350156250000001,2.4525,8170.15625
261448,-1.99265625,-9.350156250000001,2.4525,8170.1875
261449,-1.99265625,-9.5034375,2.60578125,8170.21875
261450,-2.1459375,-9.350156250000001,2.4525,8170.25
261451,-1.99265625,-9.5034375,2.4525,8170.28125
261452,-1.99265625,-9.5034375,2.60578125,8170.3125
261453,-2.1459375,-9.350156250000001,2.60578125,8170.34375
261454,-2.1459375,-9.350156250000001,2.60578125,8170.375
261455,-2.1459375,-9.5034375,2.60578125,8170.40625
261456,-1.99265625,-9.5034375,2.4525,8170.4375
261457,-1.99265625,-9.350156250000001,2.60578125,8170.46875
261458,-1.839375,-9.350156250000001,2.60578125,8170.5
261459,-1.839375,-9.5034375,2.4525,8170.53125
261460,-1.839375,-9.5034375,2.60578125,8170.5625
261461,-1.99265625,-9.5034375,2.60578125,8170.59375
261462,-1.839375,-9.5034375,2.4525,8170.625
261463,-1.99265625,-9.5034375,2.60578125,8170.65625
261464,-1.99265625,-9.350156250000001,2.4525,8170.6875
261465,-1.99265625,-9.350156250000001,2.4525,8170.71875
261466,-1.99265625,-9.350156250000001,2.60578125,8170.75
261467,-1.839375,-9.5034375,2.60578125,8170.78125
261468,-1.99265625,-9.350156250000001,2.60578125,8170.8125
261469,-1.99265625,-9.5034375,2.60578125,8170.84375
261470,-1.99265625,-9.5034375,2.60578125,8170.875
261471,-1.99265625,-9.350156250000001,2.60578125,8170.90625
261472,-1.99265625,-9.350156250000001,2.60578125,8170.9375
261473,-2.1459375,-9.350156250000001,2.4525,8170.96875
261474,-1.99265625,-9.350156250000001,2.4525,8171.0
261475,-1.99265625,-9.350156250000001,2.60578125,8171.03125
261476,-2.1459375,-9.350156250000001,2.60578125,8171.0625
261477,-2.1459375,-9.350156250000001,2.60578125,8171.09375
261478,-1.99265625,-9.350156250000001,2.60578125,8171.125
261479,-1.99265625,-9.350156250000001,2.60578125,8171.15625
261480,-1.99265625,-9.5034375,2.60578125,8171.1875
261481,-2.1459375,-9.350156250000001,2.60578125,8171.21875
261482,-2.1459375,-9.350156250000001,2.60578125,8171.25
261483,-2.1459375,-9.350156250000001,2.60578125,8171.28125
261484,-2.1459375,-9.350156250000001,2.60578125,8171.3125
261485,-2.1459375,-9.350156250000001,2.60578125,8171.34375
261486,-2.1459375,-9.350156250000001,2.60578125,8171.375
261487,-2.29921875,-9.350156250000001,2.60578125,8171.40625
261488,-2.29921875,-9.350156250000001,2.60578125,8171.4375
261489,-2.29921875,-9.350156250000001,2.60578125,8171.46875
261490,-2.29921875,-9.350156250000001,2.60578125,8171.5
261491,-2.29921875,-9.350156250000001,2.60578125,8171.53125
261492,-2.29921875,-9.350156250000001,2.60578125,8171.5625
261493,-2.29921875,-9.350156250000001,2.60578125,8171.59375
261494,-2.29921875,-9.350156250000001,2.60578125,8171.625
261495,-2.29921875,-9.350156250000001,2.60578125,8171.65625
261496,-2.1459375,-9.350156250000001,2.60578125,8171.6875
261497,-2.1459375,-9.350156250000001,2.60578125,8171.71875
261498,-2.1459375,-9.350156250000001,2.60578125,8171.75
261499,-2.29921875,-9.350156250000001,2.4525,8171.78125
261500,-2.29921875,-9.350156250000001,2.4525,8171.8125
261501,-2.29921875,-9.5034375,2.60578125,8171.84375
261502,-2.29921875,-9.5034375,2.60578125,8171.875
261503,-2.29921875,-9.350156250000001,2.60578125,8171.90625
261504,-2.1459375,-9.350156250000001,2.60578125,8171.9375
261505,-2.1459375,-9.350156250000001,2.60578125,8171.96875
261506,-2.1459375,-9.350156250000001,2.4525,8172.0
261507,-2.1459375,-9.350156250000001,2.60578125,8172.03125
261508,-2.1459375,-9.5034375,2.4525,8172.0625
261509,-2.1459375,-9.350156250000001,2.60578125,8172.09375
261510,-2.1459375,-9.350156250000001,2.60578125,8172.125
261511,-2.1459375,-9.350156250000001,2.60578125,8172.15625
261512,-2.29921875,-9.350156250000001,2.60578125,8172.1875
261513,-2.29921875,-9.350156250000001,2.60578125,8172.21875
261514,-2.29921875,-9.5034375,2.60578125,8172.25
261515,-2.1459375,-9.5034375,2.60578125,8172.28125
261516,-1.99265625,-9.5034375,2.60578125,8172.3125
261517,-2.1459375,-9.5034375,2.60578125,8172.34375
261518,-2.1459375,-9.5034375,2.60578125,8172.375
261519,-1.839375,-9.656718750000001,2.7590625,8172.40625
261520,-1.99265625,-9.656718750000001,2.7590625,8172.4375
261521,-1.839375,-9.656718750000001,2.9123437500000002,8172.46875
261522,-1.839375,-9.5034375,2.7590625,8172.5
261523,-1.839375,-9.5034375,2.9123437500000002,8172.53125
261524,-1.99265625,-9.043593750000001,3.0656250000000003,8172.5625
261525,-1.99265625,-9.043593750000001,2.9123437500000002,8172.59375
261526,-1.99265625,-9.043593750000001,2.7590625,8172.625
261527,-2.1459375,-8.8903125,2.7590625,8172.65625
261528,-1.839375,-8.8903125,2.7590625,8172.6875
261529,-1.6860937500000002,-8.8903125,2.7590625,8172.71875
261530,-1.6860937500000002,-9.043593750000001,2.7590625,8172.75
261531,-1.99265625,-9.350156250000001,3.0656250000000003,8172.78125
261532,-2.1459375,-9.656718750000001,3.0656250000000003,8172.8125
261533,-1.839375,-9.81,2.9123437500000002,8172.84375
261534,-1.5328125000000001,-9.5034375,2.7590625,8172.875
261535,-1.37953125,-9.196875,2.4525,8172.90625
261536,-1.37953125,-9.196875,2.29921875,8172.9375
261537,-1.37953125,-9.196875,2.29921875,8172.96875
261538,-1.6860937500000002,-9.350156250000001,2.4525,8173.0
261539,-2.1459375,-9.196875,2.60578125,8173.03125
261540,-2.29921875,-9.350156250000001,2.60578125,8173.0625
261541,-2.1459375,-9.350156250000001,2.60578125,8173.09375
261542,-1.99265625,-9.350156250000001,2.4525,8173.125
261543,-1.99265625,-9.5034375,2.60578125,8173.15625
261544,-1.839375,-9.5034375,2.4525,8173.1875
261545,-1.839375,-9.5034375,2.4525,8173.21875
261546,-1.99265625,-9.656718750000001,2.29921875,8173.25
261547,-1.99265625,-9.656718750000001,2.4525,8173.28125
261548,-2.1459375,-9.5034375,2.4525,8173.3125
261549,-2.1459375,-9.5034375,2.4525,8173.34375
261550,-2.1459375,-9.350156250000001,2.29921875,8173.375
261551,-2.29921875,-9.350156250000001,2.29921875,8173.40625
261552,-2.29921875,-9.350156250000001,2.29921875,8173.4375
261553,-2.4525,-9.5034375,2.29921875,8173.46875
261554,-2.29921875,-9.656718750000001,2.4525,8173.5
261555,-2.29921875,-9.656718750000001,2.4525,8173.53125
261556,-2.29921875,-9.5034375,2.4525,8173.5625
261557,-2.29921875,-9.656718750000001,2.29921875,8173.59375
261558,-2.1459375,-9.5034375,2.29921875,8173.625
261559,-2.1459375,-9.350156250000001,2.29921875,8173.65625
261560,-2.29921875,-9.350156250000001,2.29921875,8173.6875
261561,-2.4525,-9.350156250000001,2.29921875,8173.71875
261562,-2.60578125,-9.350156250000001,2.29921875,8173.75
261563,-2.60578125,-9.5034375,2.4525,8173.78125
261564,-2.4525,-9.5034375,2.4525,8173.8125
261565,-2.4525,-9.350156250000001,2.4525,8173.84375
261566,-2.4525,-9.350156250000001,2.29921875,8173.875
261567,-2.4525,-9.350156250000001,2.4525,8173.90625
261568,-2.4525,-9.350156250000001,2.4525,8173.9375
261569,-2.60578125,-9.350156250000001,2.4525,8173.96875
261570,-2.4525,-9.350156250000001,2.60578125,8174.0
261571,-2.60578125,-9.350156250000001,2.60578125,8174.03125
261572,-2.60578125,-9.350156250000001,2.60578125,8174.0625
261573,-2.60578125,-9.196875,2.60578125,8174.09375
261574,-2.60578125,-9.196875,2.7590625,8174.125
261575,-2.60578125,-9.196875,2.7590625,8174.15625
261576,-2.60578125,-9.196875,2.7590625,8174.1875
261577,-2.4525,-9.196875,2.7590625,8174.21875
261578,-2.29921875,-9.350156250000001,2.7590625,8174.25
261579,-2.29921875,-9.350156250000001,2.7590625,8174.28125
261580,-2.29921875,-9.196875,2.7590625,8174.3125
261581,-2.29921875,-9.196875,2.60578125,8174.34375
261582,-2.29921875,-9.350156250000001,2.7590625,8174.375
261583,-2.29921875,-9.196875,2.7590625,8174.40625
261584,-2.29921875,-9.196875,2.7590625,8174.4375
261585,-2.1459375,-9.196875,2.60578125,8174.46875
261586,-2.1459375,-9.196875,2.60578125,8174.5
261587,-2.1459375,-9.196875,2.60578125,8174.53125
261588,-2.1459375,-9.350156250000001,2.60578125,8174.5625
261589,-2.1459375,-9.350156250000001,2.7590625,8174.59375
261590,-2.1459375,-9.350156250000001,2.7590625,8174.625
261591,-2.29921875,-9.350156250000001,2.60578125,8174.65625
261592,-2.29921875,-9.350156250000001,2.60578125,8174.6875
261593,-2.29921875,-9.350156250000001,2.60578125,8174.71875
261594,-2.29921875,-9.350156250000001,2.60578125,8174.75
261595,-2.29921875,-9.350156250000001,2.60578125,8174.78125
261596,-2.29921875,-9.350156250000001,2.60578125,8174.8125
261597,-2.29921875,-9.350156250000001,2.60578125,8174.84375
261598,-2.4525,-9.350156250000001,2.4525,8174.875
261599,-2.60578125,-9.350156250000001,2.4525,8174.90625
261600,-2.4525,-9.350156250000001,2.4525,8174.9375
261601,-2.29921875,-9.350156250000001,2.4525,8174.96875
261602,-2.29921875,-9.350156250000001,2.4525,8175.0
261603,-2.29921875,-9.5034375,2.4525,8175.03125
261604,-2.29921875,-9.350156250000001,2.4525,8175.0625
261605,-2.29921875,-9.350156250000001,2.4525,8175.09375
261606,-2.1459375,-9.5034375,2.4525,8175.125
261607,-2.1459375,-9.5034375,2.4525,8175.15625
261608,-2.1459375,-9.656718750000001,2.4525,8175.1875
261609,-1.99265625,-9.81,2.60578125,8175.21875
261610,-2.1459375,-9.81,2.60578125,8175.25
261611,-1.99265625,-9.81,2.4525,8175.28125
261612,-1.839375,-9.656718750000001,2.29921875,8175.3125
261613,-1.6860937500000002,-9.656718750000001,2.1459375,8175.34375
261614,-1.839375,-9.350156250000001,1.99265625,8175.375
261615,-1.6860937500000002,-9.196875,1.99265625,8175.40625
261616,-1.6860937500000002,-9.043593750000001,2.1459375,8175.4375
261617,-1.6860937500000002,-9.043593750000001,2.1459375,8175.46875
261618,-1.99265625,-9.196875,1.99265625,8175.5
261619,-2.1459375,-9.043593750000001,2.1459375,8175.53125
261620,-2.1459375,-9.196875,2.29921875,8175.5625
261621,-2.29921875,-9.656718750000001,2.60578125,8175.59375
261622,-2.29921875,-9.656718750000001,2.9123437500000002,8175.625
261623,-2.60578125,-9.350156250000001,2.9123437500000002,8175.65625
261624,-3.5254687500000004,-9.196875,2.4525,8175.6875
261625,-3.67875,-9.196875,2.29921875,8175.71875
261626,-3.3721875000000003,-9.196875,2.1459375,8175.75
261627,-3.0656250000000003,-9.196875,1.99265625,8175.78125
261628,-2.60578125,-9.350156250000001,1.99265625,8175.8125
261629,-2.29921875,-9.656718750000001,2.1459375,8175.84375
261630,-2.29921875,-9.656718750000001,2.29921875,8175.875
261631,-2.1459375,-9.656718750000001,2.29921875,8175.90625
261632,-2.1459375,-9.5034375,2.29921875,8175.9375
261633,-2.4525,-9.350156250000001,2.29921875,8175.96875
261634,-2.7590625,-9.5034375,2.1459375,8176.0
261635,-2.7590625,-9.5034375,1.99265625,8176.03125
261636,-2.7590625,-9.350156250000001,2.1459375,8176.0625
261637,-2.7590625,-9.350156250000001,2.1459375,8176.09375
261638,-2.60578125,-9.5034375,2.1459375,8176.125
261639,-2.4525,-9.5034375,2.1459375,8176.15625
261640,-2.29921875,-9.5034375,2.1459375,8176.1875
261641,-2.29921875,-9.5034375,2.1459375,8176.21875
261642,-2.1459375,-9.5034375,2.1459375,8176.25
261643,-1.99265625,-9.5034375,2.29921875,8176.28125
261644,-1.99265625,-9.350156250000001,2.29921875,8176.3125
261645,-1.99265625,-9.5034375,2.29921875,8176.34375
261646,-2.1459375,-9.350156250000001,2.29921875,8176.375
261647,-2.29921875,-9.5034375,2.29921875,8176.40625
261648,-2.60578125,-9.5034375,2.29921875,8176.4375
261649,-2.4525,-9.350156250000001,2.29921875,8176.46875
261650,-2.4525,-9.350156250000001,2.29921875,8176.5
261651,-2.29921875,-9.350156250000001,2.4525,8176.53125
261652,-2.29921875,-9.350156250000001,2.4525,8176.5625
261653,-2.29921875,-9.5034375,2.4525,8176.59375
261654,-2.29921875,-9.350156250000001,2.4525,8176.625
261655,-2.29921875,-9.350156250000001,2.4525,8176.65625
261656,-2.29921875,-9.350156250000001,2.4525,8176.6875
261657,-2.4525,-9.350156250000001,2.4525,8176.71875
261658,-2.4525,-9.350156250000001,2.4525,8176.75
261659,-2.4525,-9.350156250000001,2.4525,8176.78125
261660,-2.4525,-9.350156250000001,2.4525,8176.8125
261661,-2.4525,-9.350156250000001,2.4525,8176.84375
261662,-2.4525,-9.350156250000001,2.4525,8176.875
261663,-2.4525,-9.350156250000001,2.4525,8176.90625
261664,-2.4525,-9.196875,2.4525,8176.9375
261665,-2.4525,-9.350156250000001,2.29921875,8176.96875
261666,-2.4525,-9.350156250000001,2.4525,8177.0
261667,-2.4525,-9.350156250000001,2.4525,8177.03125
261668,-2.4525,-9.350156250000001,2.4525,8177.0625
261669,-2.60578125,-9.196875,2.4525,8177.09375
261670,-2.60578125,-9.350156250000001,2.4525,8177.125
261671,-2.60578125,-9.196875,2.29921875,8177.15625
261672,-2.60578125,-9.350156250000001,2.29921875,8177.1875
261673,-2.4525,-9.5034375,2.29921875,8177.21875
261674,-2.4525,-9.5034375,2.29921875,8177.25
261675,-2.29921875,-9.350156250000001,2.29921875,8177.28125
261676,-2.29921875,-9.350156250000001,2.29921875,8177.3125
261677,-2.29921875,-9.5034375,2.29921875,8177.34375
261678,-2.1459375,-9.5034375,2.29921875,8177.375
261679,-2.4525,-9.5034375,2.29921875,8177.40625
261680,-2.60578125,-9.5034375,2.29921875,8177.4375
261681,-2.29921875,-9.5034375,2.4525,8177.46875
261682,-2.4525,-9.5034375,2.29921875,8177.5
261683,-2.4525,-9.5034375,2.4525,8177.53125
261684,-2.29921875,-9.350156250000001,2.1459375,8177.5625
261685,-2.1459375,-9.350156250000001,2.29921875,8177.59375
261686,-2.1459375,-9.350156250000001,2.29921875,8177.625
261687,-2.1459375,-9.350156250000001,2.29921875,8177.65625
261688,-1.99265625,-9.350156250000001,2.29921875,8177.6875
261689,-2.1459375,-9.350156250000001,2.29921875,8177.71875
261690,-2.29921875,-9.350156250000001,2.29921875,8177.75
261691,-2.29921875,-9.350156250000001,2.29921875,8177.78125
261692,-2.4525,-9.350156250000001,2.29921875,8177.8125
261693,-2.4525,-9.350156250000001,2.29921875,8177.84375
261694,-2.29921875,-9.5034375,2.4525,8177.875
261695,-2.4525,-9.656718750000001,2.60578125,8177.90625
261696,-2.4525,-9.81,2.4525,8177.9375
261697,-2.4525,-9.656718750000001,2.29921875,8177.96875
261698,-2.4525,-9.5034375,2.4525,8178.0
261699,-2.60578125,-9.043593750000001,2.29921875,8178.03125
261700,-2.60578125,-9.043593750000001,2.29921875,8178.0625
261701,-2.60578125,-9.043593750000001,2.29921875,8178.09375
261702,-2.4525,-9.196875,2.29921875,8178.125
261703,-2.60578125,-9.350156250000001,2.29921875,8178.15625
261704,-2.7590625,-9.5034375,2.4525,8178.1875
261705,-2.7590625,-9.350156250000001,2.4525,8178.21875
261706,-2.60578125,-9.196875,2.29921875,8178.25
261707,-2.4525,-9.196875,2.29921875,8178.28125
261708,-2.4525,-9.196875,2.29921875,8178.3125
261709,-2.60578125,-9.350156250000001,2.29921875,8178.34375
261710,-2.60578125,-9.350156250000001,2.29921875,8178.375
261711,-2.4525,-9.5034375,2.4525,8178.40625
261712,-2.4525,-9.5034375,2.29921875,8178.4375
261713,-2.4525,-9.350156250000001,2.29921875,8178.46875
261714,-2.4525,-9.350156250000001,2.29921875,8178.5
261715,-2.60578125,-9.350156250000001,2.29921875,8178.53125
261716,-2.9123437500000002,-9.350156250000001,2.29921875,8178.5625
261717,-2.9123437500000002,-9.196875,2.29921875,8178.59375
261718,-2.7590625,-9.196875,2.29921875,8178.625
261719,-2.7590625,-9.350156250000001,2.1459375,8178.65625
261720,-2.7590625,-9.350156250000001,2.29921875,8178.6875
261721,-2.60578125,-9.5034375,2.29921875,8178.71875
261722,-2.60578125,-9.5034375,2.29921875,8178.75
261723,-2.4525,-9.350156250000001,2.29921875,8178.78125
261724,-2.4525,-9.350156250000001,2.1459375,8178.8125
261725,-2.4525,-9.350156250000001,2.1459375,8178.84375
261726,-2.60578125,-9.5034375,2.1459375,8178.875
261727,-2.60578125,-9.5034375,2.1459375,8178.90625
261728,-2.60578125,-9.350156250000001,2.29921875,8178.9375
261729,-2.60578125,-9.350156250000001,2.29921875,8178.96875
261730,-2.4525,-9.350156250000001,2.29921875,8179.0
261731,-2.60578125,-9.5034375,2.29921875,8179.03125
261732,-2.60578125,-9.350156250000001,2.1459375,8179.0625
261733,-2.60578125,-9.350156250000001,2.29921875,8179.09375
261734,-2.4525,-9.350156250000001,2.29921875,8179.125
261735,-2.4525,-9.350156250000001,2.29921875,8179.15625
261736,-2.60578125,-9.350156250000001,2.29921875,8179.1875
261737,-2.60578125,-9.350156250000001,2.29921875,8179.21875
261738,-2.60578125,-9.350156250000001,2.29921875,8179.25
261739,-2.60578125,-9.350156250000001,2.29921875,8179.28125
261740,-2.4525,-9.350156250000001,2.1459375,8179.3125
261741,-2.4525,-9.350156250000001,2.29921875,8179.34375
261742,-2.4525,-9.350156250000001,2.1459375,8179.375
261743,-2.4525,-9.350156250000001,2.1459375,8179.40625
261744,-2.4525,-9.350156250000001,2.1459375,8179.4375
261745,-2.4525,-9.350156250000001,2.1459375,8179.46875
261746,-2.4525,-9.350156250000001,2.1459375,8179.5
261747,-2.4525,-9.350156250000001,2.29921875,8179.53125
261748,-2.60578125,-9.5034375,2.1459375,8179.5625
261749,-2.60578125,-9.5034375,2.1459375,8179.59375
261750,-2.60578125,-9.5034375,2.1459375,8179.625
261751,-2.7590625,-9.350156250000001,2.1459375,8179.65625
261752,-2.60578125,-9.350156250000001,2.1459375,8179.6875
261753,-2.9123437500000002,-9.656718750000001,2.29921875,8179.71875
261754,-2.9123437500000002,-10.57640625,2.60578125,8179.75
261755,-2.9123437500000002,-10.423125,3.0656250000000003,8179.78125
261756,-2.60578125,-9.96328125,3.67875,8179.8125
261757,-3.2189062500000003,-10.1165625,3.67875,8179.84375
261758,-4.905,-9.656718750000001,3.2189062500000003,8179.875
261759,-5.9779687500000005,-9.5034375,3.5254687500000004,8179.90625
261760,-6.1312500000000005,-9.196875,3.83203125,8179.9375
261761,-6.1312500000000005,-8.58375,4.13859375,8179.96875
261762,-5.9779687500000005,-8.430468750000001,4.13859375,8180.0
261763,-4.291875,-7.204218750000001,5.2115625,8180.03125
261764,-5.9779687500000005,-6.1312500000000005,4.905,8180.0625
261765,-5.8246875000000005,-3.3721875000000003,4.905,8180.09375
261766,-5.67140625,-4.905,4.905,8180.125
261767,-4.905,-4.44515625,5.36484375,8180.15625
261768,-5.2115625,-4.44515625,5.9779687500000005,8180.1875
261769,-4.13859375,-3.5254687500000004,6.1312500000000005,8180.21875
261770,-4.291875,-3.3721875000000003,5.8246875000000005,8180.25
261771,-4.291875,-3.2189062500000003,6.1312500000000005,8180.28125
261772,-4.13859375,-3.2189062500000003,5.518125,8180.3125
261773,-6.1312500000000005,-2.9123437500000002,5.2115625,8180.34375
261774,-5.36484375,-3.2189062500000003,5.8246875000000005,8180.375
261775,-5.36484375,-3.67875,6.744375000000001,8180.40625
261776,-4.75171875,-3.5254687500000004,7.970625,8180.4375
261777,-4.291875,-3.2189062500000003,7.970625,8180.46875
261778,-4.5984375,-2.9123437500000002,8.430468750000001,8180.5
261779,-4.5984375,-2.4525,8.430468750000001,8180.53125
261780,-4.5984375,-2.29921875,8.430468750000001,8180.5625
261781,-5.36484375,-2.1459375,8.2771875,8180.59375
261782,-5.2115625,-2.1459375,8.2771875,8180.625
261783,-4.291875,-1.99265625,8.123906250000001,8180.65625
261784,-5.05828125,-1.5328125000000001,7.51078125,8180.6875
261785,-6.591093750000001,-2.1459375,7.050937500000001,8180.71875
261786,-6.437812500000001,-1.5328125000000001,7.204218750000001,8180.75
261787,-5.8246875000000005,-1.6860937500000002,7.204218750000001,8180.78125
261788,-6.1312500000000005,-1.839375,6.897656250000001,8180.8125
261789,-5.9779687500000005,-1.99265625,6.744375000000001,8180.84375
261790,-6.284531250000001,-2.1459375,6.591093750000001,8180.875
261791,-7.050937500000001,-2.29921875,6.1312500000000005,8180.90625
261792,-6.897656250000001,-2.4525,6.284531250000001,8180.9375
261793,-7.050937500000001,-2.29921875,5.9779687500000005,8180.96875
261794,-7.050937500000001,-2.29921875,5.9779687500000005,8181.0
261795,-7.050937500000001,-2.29921875,5.8246875000000005,8181.03125
261796,-7.204218750000001,-2.29921875,6.1312500000000005,8181.0625
261797,-6.897656250000001,-2.1459375,6.284531250000001,8181.09375
261798,-7.050937500000001,-1.99265625,6.1312500000000005,8181.125
261799,-7.204218750000001,-1.839375,5.67140625,8181.15625
261800,-7.6640625,-1.6860937500000002,5.518125,8181.1875
261801,-7.6640625,-1.6860937500000002,5.36484375,8181.21875
261802,-7.81734375,-1.839375,5.36484375,8181.25
261803,-8.123906250000001,-1.99265625,5.36484375,8181.28125
261804,-8.2771875,-2.1459375,5.67140625,8181.3125
261805,-8.2771875,-2.1459375,5.67140625,8181.34375
261806,-7.51078125,-2.1459375,5.518125,8181.375
261807,-7.3575,-1.839375,5.36484375,8181.40625
261808,-7.3575,-1.839375,5.05828125,8181.4375
261809,-7.970625,-1.839375,5.05828125,8181.46875
261810,-7.81734375,-1.839375,5.05828125,8181.5
261811,-8.123906250000001,-2.1459375,5.518125,8181.53125
261812,-8.58375,-2.29921875,5.67140625,8181.5625
261813,-7.3575,-2.4525,4.905,8181.59375
261814,-7.6640625,-2.7590625,4.291875,8181.625
261815,-6.897656250000001,-2.9123437500000002,4.13859375,8181.65625
261816,-6.591093750000001,-3.0656250000000003,4.291875,8181.6875
261817,-6.284531250000001,-2.9123437500000002,4.5984375,8181.71875
261818,-5.518125,-3.0656250000000003,6.1312500000000005,8181.75
261819,-5.05828125,-2.7590625,7.050937500000001,8181.78125
261820,-4.44515625,-2.1459375,6.897656250000001,8181.8125
261821,-3.2189062500000003,-2.29921875,5.518125,8181.84375
261822,-3.5254687500000004,-2.7590625,5.2115625,8181.875
261823,-4.5984375,-4.13859375,6.437812500000001,8181.90625
261824,-5.518125,-5.8246875000000005,6.897656250000001,8181.9375
261825,-5.9779687500000005,-6.437812500000001,6.1312500000000005,8181.96875
261826,-5.9779687500000005,-7.050937500000001,5.2115625,8182.0
261827,-5.67140625,-7.3575,4.905,8182.03125
261828,-4.5984375,-8.2771875,4.291875,8182.0625
261829,-3.83203125,-9.196875,3.9853125,8182.09375
261830,-4.13859375,-9.96328125,3.83203125,8182.125
261831,-4.291875,-11.49609375,3.5254687500000004,8182.15625
261832,-4.5984375,-11.955937500000001,3.2189062500000003,8182.1875
261833,-4.13859375,-11.80265625,3.0656250000000003,8182.21875
261834,-3.3721875000000003,-10.57640625,2.7590625,8182.25
261835,-2.7590625,-9.96328125,2.60578125,8182.28125
261836,-2.1459375,-9.656718750000001,2.29921875,8182.3125
261837,-2.29921875,-9.350156250000001,1.99265625,8182.34375
261838,-2.60578125,-9.196875,1.839375,8182.375
261839,-2.9123437500000002,-9.043593750000001,1.839375,8182.40625
261840,-3.0656250000000003,-9.043593750000001,1.839375,8182.4375
261841,-3.2189062500000003,-8.737031250000001,2.4525,8182.46875
261842,-3.2189062500000003,-8.737031250000001,2.9123437500000002,8182.5
261843,-2.7590625,-9.196875,3.3721875000000003,8182.53125
261844,-2.29921875,-9.350156250000001,3.3721875000000003,8182.5625
261845,-2.1459375,-9.350156250000001,3.2189062500000003,8182.59375
261846,-1.6860937500000002,-9.196875,3.3721875000000003,8182.625
261847,-1.839375,-9.350156250000001,2.9123437500000002,8182.65625
261848,-2.60578125,-9.5034375,2.4525,8182.6875
261849,-2.29921875,-9.81,2.29921875,8182.71875
261850,-1.99265625,-9.81,2.29921875,8182.75
261851,-1.99265625,-8.8903125,2.60578125,8182.78125
261852,-2.1459375,-8.430468750000001,2.60578125,8182.8125
261853,-2.7590625,-8.123906250000001,2.60578125,8182.84375
261854,-3.3721875000000003,-8.58375,2.60578125,8182.875
261855,-3.5254687500000004,-8.8903125,2.60578125,8182.90625
261856,-3.9853125,-9.350156250000001,2.60578125,8182.9375
261857,-3.83203125,-9.5034375,2.4525,8182.96875
261858,-3.5254687500000004,-9.5034375,2.4525,8183.0
261859,-3.2189062500000003,-9.043593750000001,2.29921875,8183.03125
261860,-3.2189062500000003,-9.043593750000001,2.4525,8183.0625
261861,-3.3721875000000003,-8.737031250000001,2.4525,8183.09375
261862,-3.3721875000000003,-8.737031250000001,2.60578125,8183.125
261863,-3.3721875000000003,-8.8903125,2.60578125,8183.15625
261864,-3.5254687500000004,-8.8903125,2.4525,8183.1875
261865,-3.5254687500000004,-9.196875,2.4525,8183.21875
261866,-3.3721875000000003,-9.196875,2.4525,8183.25
261867,-3.2189062500000003,-9.043593750000001,2.29921875,8183.28125
261868,-3.2189062500000003,-9.196875,2.1459375,8183.3125
261869,-3.0656250000000003,-9.81,2.1459375,8183.34375
261870,-2.9123437500000002,-9.656718750000001,1.99265625,8183.375
261871,-2.9123437500000002,-9.350156250000001,1.99265625,8183.40625
261872,-2.9123437500000002,-9.350156250000001,1.99265625,8183.4375
261873,-2.7590625,-9.350156250000001,1.839375,8183.46875
261874,-2.7590625,-9.350156250000001,1.839375,8183.5
261875,-2.7590625,-9.5034375,1.6860937500000002,8183.53125
261876,-2.7590625,-9.81,1.6860937500000002,8183.5625
261877,-2.7590625,-9.656718750000001,1.6860937500000002,8183.59375
261878,-2.60578125,-9.350156250000001,1.5328125000000001,8183.625
261879,-2.4525,-9.196875,1.5328125000000001,8183.65625
261880,-2.4525,-9.350156250000001,1.5328125000000001,8183.6875
261881,-2.4525,-9.350156250000001,1.5328125000000001,8183.71875
261882,-2.60578125,-9.5034375,1.5328125000000001,8183.75
261883,-2.60578125,-9.656718750000001,1.5328125000000001,8183.78125
261884,-2.60578125,-9.5034375,1.37953125,8183.8125
261885,-2.60578125,-9.350156250000001,1.37953125,8183.84375
261886,-2.60578125,-9.196875,1.22625,8183.875
261887,-2.7590625,-9.196875,1.22625,8183.90625
261888,-2.7590625,-9.350156250000001,1.07296875,8183.9375
261889,-2.7590625,-9.96328125,1.22625,8183.96875
261890,-2.9123437500000002,-10.1165625,1.07296875,8184.0
261891,-2.9123437500000002,-10.26984375,1.07296875,8184.03125
261892,-2.9123437500000002,-10.423125,0.9196875,8184.0625
261893,-2.7590625,-9.81,0.9196875,8184.09375
261894,-2.60578125,-9.350156250000001,1.07296875,8184.125
261895,-2.60578125,-9.196875,1.07296875,8184.15625
261896,-2.7590625,-9.196875,0.9196875,8184.1875
261897,-2.60578125,-9.350156250000001,1.07296875,8184.21875
261898,-2.60578125,-9.5034375,1.07296875,8184.25
261899,-2.60578125,-9.656718750000001,1.22625,8184.28125
261900,-2.7590625,-9.5034375,1.22625,8184.3125
261901,-2.60578125,-9.656718750000001,1.37953125,8184.34375
261902,-2.60578125,-9.656718750000001,1.37953125,8184.375
261903,-2.7590625,-9.656718750000001,1.5328125000000001,8184.40625
261904,-2.7590625,-9.656718750000001,1.5328125000000001,8184.4375
261905,-2.7590625,-9.656718750000001,1.5328125000000001,8184.46875
261906,-2.9123437500000002,-9.81,1.37953125,8184.5
261907,-2.7590625,-9.96328125,1.37953125,8184.53125
261908,-2.7590625,-9.5034375,1.37953125,8184.5625
261909,-2.9123437500000002,-9.350156250000001,1.22625,8184.59375
261910,-3.0656250000000003,-9.350156250000001,1.22625,8184.625
261911,-3.0656250000000003,-9.196875,1.07296875,8184.65625
261912,-3.0656250000000003,-9.81,0.9196875,8184.6875
261913,-3.0656250000000003,-9.350156250000001,1.07296875,8184.71875
261914,-3.2189062500000003,-10.1165625,1.07296875,8184.75
261915,-3.2189062500000003,-10.423125,1.22625,8184.78125
261916,-3.67875,-10.1165625,1.6860937500000002,8184.8125
261917,-3.83203125,-9.5034375,1.99265625,8184.84375
261918,-3.67875,-8.8903125,1.99265625,8184.875
261919,-3.0656250000000003,-9.043593750000001,1.839375,8184.90625
261920,-2.9123437500000002,-9.350156250000001,1.6860937500000002,8184.9375
261921,-2.7590625,-9.656718750000001,1.839375,8184.96875
261922,-2.7590625,-9.81,1.839375,8185.0
261923,-2.9123437500000002,-9.81,1.6860937500000002,8185.03125
261924,-2.9123437500000002,-9.96328125,1.99265625,8185.0625
261925,-2.7590625,-9.81,1.99265625,8185.09375
261926,-2.4525,-9.5034375,1.99265625,8185.125
261927,-2.29921875,-9.350156250000001,2.1459375,8185.15625
261928,-2.1459375,-9.5034375,2.4525,8185.1875
261929,-2.1459375,-9.5034375,2.4525,8185.21875
261930,-1.99265625,-9.350156250000001,2.4525,8185.25
261931,-1.5328125000000001,-9.350156250000001,2.60578125,8185.28125
261932,-1.99265625,-9.350156250000001,2.60578125,8185.3125
261933,-2.60578125,-8.430468750000001,2.60578125,8185.34375
261934,-3.5254687500000004,-8.2771875,2.60578125,8185.375
261935,-3.83203125,-7.970625,2.7590625,8185.40625
261936,-4.5984375,-8.58375,2.29921875,8185.4375
261937,-3.67875,-8.58375,2.29921875,8185.46875
261938,-4.44515625,-9.196875,1.99265625,8185.5
261939,-4.44515625,-9.043593750000001,1.99265625,8185.53125
261940,-4.13859375,-9.043593750000001,1.99265625,8185.5625
261941,-3.9853125,-8.430468750000001,2.1459375,8185.59375
261942,-4.13859375,-8.2771875,1.99265625,8185.625
261943,-4.13859375,-8.123906250000001,2.1459375,8185.65625
261944,-4.291875,-8.430468750000001,2.1459375,8185.6875
261945,-4.291875,-8.430468750000001,2.1459375,8185.71875
261946,-4.291875,-8.737031250000001,2.1459375,8185.75
261947,-3.9853125,-8.8903125,2.1459375,8185.78125
261948,-3.9853125,-8.8903125,1.99265625,8185.8125
261949,-4.291875,-9.656718750000001,1.99265625,8185.84375
261950,-3.9853125,-9.350156250000001,1.6860937500000002,8185.875
261951,-4.13859375,-9.96328125,1.5328125000000001,8185.90625
261952,-4.291875,-9.96328125,1.37953125,8185.9375
261953,-4.291875,-10.26984375,1.37953125,8185.96875
261954,-3.83203125,-10.7296875,1.22625,8186.0
261955,-3.3721875000000003,-10.7296875,1.22625,8186.03125
261956,-2.4525,-10.26984375,1.22625,8186.0625
261957,-2.1459375,-9.96328125,1.22625,8186.09375
261958,-1.99265625,-9.656718750000001,1.07296875,8186.125
261959,-1.99265625,-9.196875,0.9196875,8186.15625
261960,-2.1459375,-9.043593750000001,0.613125,8186.1875
261961,-2.29921875,-9.350156250000001,0.613125,8186.21875
261962,-1.99265625,-9.350156250000001,0.613125,8186.25
261963,-1.99265625,-9.350156250000001,0.45984375,8186.28125
261964,-1.839375,-9.5034375,0.613125,8186.3125
261965,-1.839375,-9.96328125,0.7664062500000001,8186.34375
261966,-1.99265625,-9.96328125,0.9196875,8186.375
261967,-2.29921875,-9.96328125,0.9196875,8186.40625
261968,-2.7590625,-9.5034375,1.22625,8186.4375
261969,-3.0656250000000003,-9.656718750000001,1.5328125000000001,8186.46875
261970,-3.0656250000000003,-9.81,1.5328125000000001,8186.5
261971,-3.0656250000000003,-9.96328125,1.37953125,8186.53125
261972,-3.0656250000000003,-9.96328125,1.37953125,8186.5625
261973,-3.0656250000000003,-9.81,1.22625,8186.59375
261974,-3.0656250000000003,-9.656718750000001,0.9196875,8186.625
261975,-3.2189062500000003,-9.5034375,0.7664062500000001,8186.65625
261976,-3.2189062500000003,-9.5034375,0.613125,8186.6875
261977,-3.0656250000000003,-9.5034375,0.613125,8186.71875
261978,-2.9123437500000002,-9.350156250000001,0.613125,8186.75
261979,-3.2189062500000003,-9.656718750000001,0.45984375,8186.78125
261980,-3.3721875000000003,-9.656718750000001,0.45984375,8186.8125
261981,-3.3721875000000003,-9.5034375,0.7664062500000001,8186.84375
261982,-3.2189062500000003,-9.350156250000001,0.9196875,8186.875
261983,-2.9123437500000002,-9.350156250000001,1.37953125,8186.90625
261984,-2.60578125,-9.350156250000001,1.5328125000000001,8186.9375
261985,-2.60578125,-9.5034375,1.37953125,8186.96875
261986,-2.60578125,-10.1165625,1.07296875,8187.0
261987,-2.9123437500000002,-9.96328125,1.07296875,8187.03125
261988,-3.5254687500000004,-10.423125,1.07296875,8187.0625
261989,-3.83203125,-10.7296875,0.7664062500000001,8187.09375
261990,-3.67875,-9.96328125,0.9196875,8187.125
261991,-3.3721875000000003,-8.8903125,1.22625,8187.15625
261992,-3.2189062500000003,-8.737031250000001,1.22625,8187.1875
261993,-2.7590625,-9.043593750000001,1.5328125000000001,8187.21875
261994,-2.29921875,-9.81,1.6860937500000002,8187.25
261995,-2.1459375,-9.81,1.6860937500000002,8187.28125
261996,-2.29921875,-9.5034375,1.6860937500000002,8187.3125
261997,-2.9123437500000002,-9.043593750000001,1.99265625,8187.34375
261998,-3.0656250000000003,-9.350156250000001,1.99265625,8187.375
261999,-2.9123437500000002,-10.57640625,2.29921875,8187.40625
262000,-2.60578125,-11.03625,2.29921875,8187.4375
262001,-2.1459375,-9.196875,2.29921875,8187.46875
262002,-2.1459375,-8.2771875,2.29921875,8187.5
262003,-2.4525,-7.51078125,2.29921875,8187.53125
262004,-3.3721875000000003,-7.81734375,1.99265625,8187.5625
262005,-3.83203125,-8.123906250000001,1.839375,8187.59375
262006,-3.9853125,-8.58375,1.839375,8187.625
262007,-3.9853125,-8.8903125,1.839375,8187.65625
262008,-4.291875,-9.043593750000001,1.839375,8187.6875
262009,-4.291875,-9.196875,1.99265625,8187.71875
262010,-4.291875,-9.196875,1.99265625,8187.75
262011,-4.13859375,-8.8903125,1.99265625,8187.78125
262012,-4.13859375,-8.8903125,1.99265625,8187.8125
262013,-4.13859375,-9.043593750000001,1.99265625,8187.84375
262014,-3.83203125,-9.043593750000001,1.99265625,8187.875
262015,-3.67875,-8.8903125,1.99265625,8187.90625
262016,-3.67875,-8.737031250000001,1.839375,8187.9375
262017,-3.67875,-8.58375,1.6860937500000002,8187.96875
262018,-4.13859375,-9.81,1.6860937500000002,8188.0
262019,-4.13859375,-9.5034375,1.37953125,8188.03125
262020,-4.291875,-9.96328125,1.37953125,8188.0625
262021,-4.5984375,-11.3428125,1.5328125000000001,8188.09375
262022,-4.291875,-11.3428125,1.22625,8188.125
262023,-2.9123437500000002,-9.81,1.22625,8188.15625
262024,-2.29921875,-9.350156250000001,1.37953125,8188.1875
262025,-2.1459375,-9.350156250000001,1.37953125,8188.21875
262026,-1.99265625,-9.196875,1.22625,8188.25
262027,-1.99265625,-9.196875,1.22625,8188.28125
262028,-1.99265625,-9.196875,0.9196875,8188.3125
262029,-1.99265625,-9.043593750000001,0.7664062500000001,8188.34375
262030,-1.6860937500000002,-9.196875,0.7664062500000001,8188.375
262031,-2.29921875,-10.88296875,0.3065625,8188.40625
262032,-2.29921875,-10.423125,0.3065625,8188.4375
262033,-2.60578125,-9.5034375,0.7664062500000001,8188.46875
262034,-2.4525,-8.8903125,1.07296875,8188.5
262035,-2.4525,-8.8903125,0.9196875,8188.53125
262036,-2.1459375,-9.5034375,0.9196875,8188.5625
262037,-2.1459375,-9.81,1.07296875,8188.59375
262038,-2.29921875,-9.96328125,1.22625,8188.625
262039,-2.60578125,-9.81,1.22625,8188.65625
262040,-2.7590625,-9.81,1.22625,8188.6875
262041,-2.9123437500000002,-9.81,1.22625,8188.71875
262042,-2.9123437500000002,-9.81,1.22625,8188.75
262043,-2.9123437500000002,-9.5034375,1.22625,8188.78125
262044,-3.0656250000000003,-9.656718750000001,1.37953125,8188.8125
262045,-3.0656250000000003,-10.1165625,1.22625,8188.84375
262046,-2.9123437500000002,-10.57640625,1.37953125,8188.875
262047,-2.9123437500000002,-10.57640625,1.37953125,8188.90625
262048,-3.2189062500000003,-11.18953125,1.37953125,8188.9375
262049,-3.5254687500000004,-10.423125,1.839375,8188.96875
262050,-3.67875,-9.96328125,1.99265625,8189.0
262051,-3.5254687500000004,-8.8903125,2.29921875,8189.03125
262052,-3.2189062500000003,-8.430468750000001,2.29921875,8189.0625
262053,-2.9123437500000002,-7.81734375,2.29921875,8189.09375
262054,-2.7590625,-8.430468750000001,2.4525,8189.125
262055,-2.7590625,-9.043593750000001,2.4525,8189.15625
262056,-3.0656250000000003,-10.26984375,2.7590625,8189.1875
262057,-3.2189062500000003,-10.26984375,2.7590625,8189.21875
262058,-3.5254687500000004,-8.737031250000001,3.2189062500000003,8189.25
262059,-3.2189062500000003,-7.51078125,3.2189062500000003,8189.28125
262060,-3.2189062500000003,-7.3575,3.0656250000000003,8189.3125
262061,-3.2189062500000003,-7.81734375,2.9123437500000002,8189.34375
262062,-3.3721875000000003,-7.970625,3.0656250000000003,8189.375
262063,-3.67875,-8.430468750000001,2.9123437500000002,8189.40625
262064,-3.83203125,-8.58375,2.60578125,8189.4375
262065,-3.9853125,-8.737031250000001,2.60578125,8189.46875
262066,-3.83203125,-8.430468750000001,2.60578125,8189.5
262067,-3.9853125,-8.2771875,2.4525,8189.53125
262068,-4.291875,-8.123906250000001,2.29921875,8189.5625
262069,-4.44515625,-8.2771875,2.29921875,8189.59375
262070,-4.44515625,-8.430468750000001,2.4525,8189.625
262071,-4.291875,-8.2771875,2.60578125,8189.65625
262072,-4.44515625,-8.737031250000001,2.7590625,8189.6875
262073,-4.44515625,-9.043593750000001,2.60578125,8189.71875
262074,-4.44515625,-9.350156250000001,2.4525,8189.75
262075,-4.44515625,-9.96328125,2.4525,8189.78125
262076,-4.75171875,-11.03625,1.99265625,8189.8125
262077,-4.75171875,-11.03625,1.6860937500000002,8189.84375
262078,-3.83203125,-9.656718750000001,1.37953125,8189.875
262079,-2.9123437500000002,-8.8903125,1.37953125,8189.90625
262080,-2.7590625,-8.8903125,1.22625,8189.9375
262081,-2.29921875,-9.043593750000001,1.22625,8189.96875
262082,-2.1459375,-9.196875,1.22625,8190.0
262083,-2.1459375,-9.5034375,1.07296875,8190.03125
262084,-2.29921875,-10.26984375,0.9196875,8190.0625
262085,-2.60578125,-10.423125,0.7664062500000001,8190.09375
262086,-2.60578125,-10.7296875,0.613125,8190.125
262087,-2.4525,-10.26984375,0.613125,8190.15625
262088,-2.29921875,-9.043593750000001,0.9196875,8190.1875
262089,-2.29921875,-8.737031250000001,1.07296875,8190.21875
262090,-2.1459375,-8.737031250000001,1.22625,8190.25
262091,-1.99265625,-8.8903125,1.22625,8190.28125
262092,-1.99265625,-9.196875,1.22625,8190.3125
262093,-2.29921875,-9.656718750000001,1.37953125,8190.34375
262094,-2.60578125,-9.96328125,1.37953125,8190.375
262095,-2.7590625,-9.96328125,1.5328125000000001,8190.40625
262096,-3.2189062500000003,-10.1165625,1.6860937500000002,8190.4375
262097,-3.3721875000000003,-10.1165625,1.839375,8190.46875
262098,-3.3721875000000003,-9.656718750000001,1.6860937500000002,8190.5
262099,-2.7590625,-9.5034375,1.37953125,8190.53125
262100,-2.60578125,-9.81,1.37953125,8190.5625
262101,-2.7590625,-10.7296875,1.22625,8190.59375
262102,-2.7590625,-11.3428125,1.07296875,8190.625
262103,-2.9123437500000002,-12.569062500000001,0.7664062500000001,8190.65625
262104,-3.3721875000000003,-11.80265625,0.9196875,8190.6875
262105,-3.67875,-10.1165625,1.22625,8190.71875
262106,-3.67875,-7.3575,1.99265625,8190.75
262107,-3.2189062500000003,-6.591093750000001,2.29921875,8190.78125
262108,-2.9123437500000002,-6.437812500000001,2.1459375,8190.8125
262109,-3.0656250000000003,-8.2771875,2.29921875,8190.84375
262110,-3.3721875000000003,-9.656718750000001,2.60578125,8190.875
262111,-3.0656250000000003,-11.649375000000001,3.0656250000000003,8190.90625
262112,-2.9123437500000002,-10.423125,3.3721875000000003,8190.9375
262113,-2.7590625,-8.737031250000001,3.2189062500000003,8190.96875
262114,-2.60578125,-8.123906250000001,2.7590625,8191.0
262115,-2.60578125,-7.970625,2.60578125,8191.03125
262116,-3.0656250000000003,-8.123906250000001,2.60578125,8191.0625
262117,-3.0656250000000003,-8.430468750000001,2.60578125,8191.09375
262118,-3.0656250000000003,-8.8903125,2.4525,8191.125
262119,-3.2189062500000003,-8.8903125,2.60578125,8191.15625
262120,-3.3721875000000003,-8.737031250000001,2.60578125,8191.1875
262121,-3.5254687500000004,-8.58375,2.4525,8191.21875
262122,-3.67875,-8.430468750000001,2.29921875,8191.25
262123,-3.9853125,-8.58375,2.29921875,8191.28125
262124,-3.9853125,-8.8903125,2.29921875,8191.3125
262125,-3.83203125,-9.196875,2.4525,8191.34375
262126,-3.83203125,-9.656718750000001,2.4525,8191.375
262127,-3.9853125,-9.350156250000001,2.4525,8191.40625
262128,-4.13859375,-10.26984375,1.99265625,8191.4375
262129,-4.13859375,-11.03625,1.6860937500000002,8191.46875
262130,-4.13859375,-10.88296875,1.5328125000000001,8191.5
262131,-3.67875,-9.656718750000001,1.22625,8191.53125
262132,-3.3721875000000003,-9.043593750000001,1.07296875,8191.5625
262133,-2.7590625,-8.430468750000001,1.07296875,8191.59375
262134,-2.60578125,-8.430468750000001,0.613125,8191.625
262135,-2.60578125,-8.58375,0.7664062500000001,8191.65625
262136,-2.7590625,-9.043593750000001,0.613125,8191.6875
262137,-2.7590625,-9.5034375,0.45984375,8191.71875
262138,-3.2189062500000003,-11.3428125,0.15328125,8191.75
262139,-2.7590625,-10.57640625,0.3065625,8191.78125
262140,-2.4525,-9.96328125,0.45984375,8191.8125
262141,-2.29921875,-9.043593750000001,0.7664062500000001,8191.84375
262142,-2.29921875,-8.58375,0.9196875,8191.875
262143,-2.60578125,-8.58375,1.07296875,8191.90625
262144,-2.9123437500000002,-8.737031250000001,1.07296875,8191.9375
262145,-3.0656250000000003,-8.8903125,1.22625,8191.96875
262146,-3.3721875000000003,-9.043593750000001,1.5328125000000001,8192.0
262147,-3.5254687500000004,-9.196875,1.6860937500000002,8192.03125
262148,-4.44515625,-9.196875,1.6860937500000002,8192.0625
262149,-4.75171875,-9.350156250000001,1.839375,8192.09375
262150,-4.75171875,-9.350156250000001,1.6860937500000002,8192.125
262151,-4.5984375,-9.5034375,1.5328125000000001,8192.15625
262152,-4.5984375,-9.5034375,1.37953125,8192.1875
262153,-4.5984375,-9.5034375,1.22625,8192.21875
262154,-4.44515625,-9.5034375,1.37953125,8192.25
262155,-4.13859375,-9.81,1.5328125000000001,8192.28125
262156,-3.67875,-10.88296875,1.37953125,8192.3125
262157,-3.2189062500000003,-11.03625,1.22625,8192.34375
262158,-3.5254687500000004,-11.49609375,1.07296875,8192.375
262159,-3.2189062500000003,-11.649375000000001,0.9196875,8192.40625
262160,-3.2189062500000003,-10.26984375,0.9196875,8192.4375
262161,-3.5254687500000004,-7.51078125,1.22625,8192.46875
262162,-3.2189062500000003,-6.897656250000001,1.22625,8192.5
262163,-2.9123437500000002,-6.897656250000001,1.37953125,8192.53125
262164,-3.0656250000000003,-7.970625,1.37953125,8192.5625
262165,-3.2189062500000003,-8.58375,1.6860937500000002,8192.59375
262166,-3.2189062500000003,-10.7296875,2.1459375,8192.625
262167,-3.2189062500000003,-11.3428125,2.4525,8192.65625
262168,-3.2189062500000003,-9.656718750000001,2.9123437500000002,8192.6875
262169,-3.2189062500000003,-8.2771875,2.7590625,8192.71875
262170,-3.2189062500000003,-7.81734375,2.60578125,8192.75
262171,-3.0656250000000003,-7.6640625,2.7590625,8192.78125
262172,-3.2189062500000003,-7.81734375,2.9123437500000002,8192.8125
262173,-3.67875,-8.737031250000001,2.9123437500000002,8192.84375
262174,-3.9853125,-9.350156250000001,2.9123437500000002,8192.875
262175,-3.67875,-9.350156250000001,2.7590625,8192.90625
262176,-3.2189062500000003,-8.737031250000001,2.60578125,8192.9375
262177,-3.3721875000000003,-8.2771875,2.60578125,8192.96875
262178,-3.5254687500000004,-8.123906250000001,2.29921875,8193.0
262179,-3.67875,-8.58375,2.1459375,8193.03125
262180,-3.5254687500000004,-8.8903125,2.1459375,8193.0625
262181,-3.3721875000000003,-9.196875,2.1459375,8193.09375
262182,-3.3721875000000003,-9.96328125,2.1459375,8193.125
262183,-3.3721875000000003,-9.656718750000001,2.29921875,8193.15625
262184,-3.83203125,-11.03625,1.99265625,8193.1875
262185,-3.9853125,-11.3428125,1.6860937500000002,8193.21875
262186,-4.13859375,-10.26984375,0.9196875,8193.25
262187,-3.83203125,-9.043593750000001,0.7664062500000001,8193.28125
262188,-3.2189062500000003,-7.6640625,0.9196875,8193.3125
262189,-2.60578125,-8.430468750000001,1.07296875,8193.34375
262190,-2.60578125,-9.043593750000001,0.9196875,8193.375
262191,-3.2189062500000003,-10.1165625,0.9196875,8193.40625
262192,-3.83203125,-11.18953125,0.613125,8193.4375
262193,-3.5254687500000004,-10.7296875,0.45984375,8193.46875
262194,-2.4525,-9.350156250000001,0.7664062500000001,8193.5
262195,-1.99265625,-8.8903125,0.9196875,8193.53125
262196,-1.5328125000000001,-8.58375,0.9196875,8193.5625
262197,-1.99265625,-8.58375,0.7664062500000001,8193.59375
262198,-2.60578125,-8.8903125,0.7664062500000001,8193.625
262199,-3.3721875000000003,-9.196875,0.7664062500000001,8193.65625
262200,-3.0656250000000003,-9.350156250000001,0.9196875,8193.6875
262201,-2.9123437500000002,-9.350156250000001,1.07296875,8193.71875
262202,-3.2189062500000003,-9.043593750000001,1.07296875,8193.75
262203,-3.83203125,-8.8903125,0.9196875,8193.78125
262204,-4.75171875,-8.737031250000001,1.5328125000000001,8193.8125
262205,-5.05828125,-8.8903125,2.1459375,8193.84375
262206,-5.05828125,-9.350156250000001,2.60578125,8193.875
262207,-4.5984375,-9.5034375,2.29921875,8193.90625
262208,-3.9853125,-10.1165625,1.6860937500000002,8193.9375
262209,-3.5254687500000004,-10.423125,1.22625,8193.96875
262210,-3.2189062500000003,-11.49609375,1.07296875,8194.0
262211,-2.7590625,-11.80265625,0.7664062500000001,8194.03125
262212,-3.2189062500000003,-11.955937500000001,0.45984375,8194.0625
262213,-3.3721875000000003,-11.955937500000001,0.3065625,8194.09375
262214,-3.2189062500000003,-8.737031250000001,0.7664062500000001,8194.125
262215,-3.0656250000000003,-7.050937500000001,0.9196875,8194.15625
262216,-2.9123437500000002,-6.744375000000001,1.22625,8194.1875
262217,-2.9123437500000002,-7.3575,1.22625,8194.21875
262218,-2.9123437500000002,-8.58375,1.5328125000000001,8194.25
262219,-3.0656250000000003,-10.88296875,1.99265625,8194.28125
262220,-3.3721875000000003,-11.03625,2.1459375,8194.3125
262221,-3.3721875000000003,-8.8903125,2.7590625,8194.34375
262222,-3.2189062500000003,-8.430468750000001,3.0656250000000003,8194.375
262223,-2.9123437500000002,-7.970625,3.0656250000000003,8194.40625
262224,-4.291875,-7.6640625,1.99265625,8194.4375
262225,-4.75171875,-7.51078125,1.6860937500000002,8194.46875
262226,-4.75171875,-8.430468750000001,1.37953125,8194.5
262227,-4.13859375,-9.043593750000001,1.37953125,8194.53125
262228,-3.83203125,-9.656718750000001,1.6860937500000002,8194.5625
262229,-3.67875,-9.043593750000001,1.6860937500000002,8194.59375
262230,-3.67875,-8.58375,1.5328125000000001,8194.625
262231,-3.67875,-8.2771875,1.5328125000000001,8194.65625
262232,-3.83203125,-8.430468750000001,1.6860937500000002,8194.6875
262233,-3.83203125,-8.737031250000001,1.6860937500000002,8194.71875
262234,-3.5254687500000004,-8.8903125,1.99265625,8194.75
262235,-3.5254687500000004,-8.8903125,1.99265625,8194.78125
262236,-3.67875,-9.81,2.1459375,8194.8125
262237,-3.9853125,-9.81,2.1459375,8194.84375
262238,-4.44515625,-11.3428125,1.839375,8194.875
262239,-4.5984375,-11.03625,1.5328125000000001,8194.90625
262240,-4.291875,-9.96328125,1.07296875,8194.9375
262241,-3.3721875000000003,-7.81734375,0.3065625,8194.96875
262242,-2.9123437500000002,-7.51078125,0.45984375,8195.0
262243,-2.7590625,-8.737031250000001,0.45984375,8195.03125
262244,-3.2189062500000003,-10.26984375,0.45984375,8195.0625
262245,-3.0656250000000003,-11.3428125,0.3065625,8195.09375
262246,-3.2189062500000003,-11.49609375,0.15328125,8195.125
262247,-2.7590625,-10.1165625,0.3065625,8195.15625
262248,-1.839375,-8.8903125,0.613125,8195.1875
262249,-1.22625,-8.58375,0.9196875,8195.21875
262250,-1.37953125,-8.8903125,0.9196875,8195.25
262251,-2.29921875,-8.737031250000001,0.9196875,8195.28125
262252,-2.60578125,-8.737031250000001,0.9196875,8195.3125
262253,-2.7590625,-9.043593750000001,1.5328125000000001,8195.34375
262254,-3.2189062500000003,-9.350156250000001,1.99265625,8195.375
262255,-3.0656250000000003,-9.350156250000001,1.99265625,8195.40625
262256,-3.2189062500000003,-9.350156250000001,2.1459375,8195.4375
262257,-3.5254687500000004,-9.5034375,2.1459375,8195.46875
262258,-3.83203125,-9.81,1.5328125000000001,8195.5
262259,-3.83203125,-10.423125,0.9196875,8195.53125
262260,-3.67875,-10.57640625,0.7664062500000001,8195.5625
262261,-3.2189062500000003,-11.80265625,0.45984375,8195.59375
262262,-3.0656250000000003,-11.955937500000001,0.9196875,8195.625
262263,-3.5254687500000004,-12.72234375,1.37953125,8195.65625
262264,-2.29921875,-11.18953125,1.07296875,8195.6875
262265,-2.60578125,-9.350156250000001,0.613125,8195.71875
262266,-3.0656250000000003,-6.437812500000001,0.9196875,8195.75
262267,-3.0656250000000003,-5.8246875000000005,0.9196875,8195.78125
262268,-3.3721875000000003,-6.744375000000001,1.5328125000000001,8195.8125
262269,-2.9123437500000002,-9.043593750000001,1.6860937500000002,8195.84375
262270,-3.2189062500000003,-11.03625,1.839375,8195.875
262271,-3.67875,-12.10921875,2.4525,8195.90625
262272,-3.9853125,-9.96328125,2.9123437500000002,8195.9375
262273,-3.5254687500000004,-7.81734375,3.2189062500000003,8195.96875
262274,-3.2189062500000003,-7.204218750000001,2.7590625,8196.0
262275,-3.0656250000000003,-7.3575,2.60578125,8196.03125
262276,-3.67875,-7.51078125,2.4525,8196.0625
262277,-4.291875,-7.81734375,2.1459375,8196.09375
262278,-4.44515625,-8.737031250000001,2.29921875,8196.125
262279,-4.5984375,-9.043593750000001,2.29921875,8196.15625
262280,-4.75171875,-8.8903125,2.1459375,8196.1875
262281,-4.75171875,-8.2771875,1.839375,8196.21875
262282,-4.5984375,-8.2771875,1.6860937500000002,8196.25
262283,-4.291875,-8.58375,1.839375,8196.28125
262284,-3.9853125,-9.81,1.6860937500000002,8196.3125
262285,-3.83203125,-10.1165625,1.6860937500000002,8196.34375
262286,-4.13859375,-10.57640625,1.5328125000000001,8196.375
262287,-4.291875,-11.3428125,1.5328125000000001,8196.40625
262288,-4.291875,-10.88296875,1.22625,8196.4375
262289,-3.83203125,-9.5034375,0.9196875,8196.46875
262290,-3.83203125,-8.58375,0.9196875,8196.5
262291,-3.2189062500000003,-7.6640625,1.22625,8196.53125
262292,-3.2189062500000003,-7.970625,0.7664062500000001,8196.5625
262293,-2.9123437500000002,-8.58375,0.613125,8196.59375
262294,-3.5254687500000004,-9.96328125,0.7664062500000001,8196.625
262295,-3.5254687500000004,-10.88296875,0.613125,8196.65625
262296,-3.5254687500000004,-10.26984375,0.45984375,8196.6875
262297,-3.2189062500000003,-9.656718750000001,0.613125,8196.71875
262298,-2.7590625,-9.043593750000001,0.9196875,8196.75
262299,-2.1459375,-8.430468750000001,1.07296875,8196.78125
262300,-2.1459375,-8.2771875,1.07296875,8196.8125
262301,-2.9123437500000002,-8.2771875,1.07296875,8196.84375
262302,-3.0656250000000003,-8.2771875,1.22625,8196.875
262303,-3.0656250000000003,-9.043593750000001,1.5328125000000001,8196.90625
262304,-2.7590625,-9.5034375,1.5328125000000001,8196.9375
262305,-2.60578125,-9.81,1.5328125000000001,8196.96875
262306,-3.5254687500000004,-10.57640625,1.839375,8197.0
262307,-3.9853125,-10.423125,2.1459375,8197.03125
262308,-3.9853125,-11.03625,2.4525,8197.0625
262309,-3.5254687500000004,-11.649375000000001,1.839375,8197.09375
262310,-3.67875,-12.10921875,1.5328125000000001,8197.125
262311,-3.67875,-11.649375000000001,1.6860937500000002,8197.15625
262312,-3.5254687500000004,-10.423125,1.839375,8197.1875
262313,-2.9123437500000002,-7.050937500000001,1.99265625,8197.21875
262314,-3.0656250000000003,-7.3575,1.6860937500000002,8197.25
262315,-3.0656250000000003,-7.81734375,1.5328125000000001,8197.28125
262316,-3.5254687500000004,-9.81,1.6860937500000002,8197.3125
262317,-3.0656250000000003,-9.81,1.839375,8197.34375
262318,-2.9123437500000002,-8.737031250000001,1.839375,8197.375
262319,-2.9123437500000002,-7.3575,2.1459375,8197.40625
262320,-3.2189062500000003,-7.204218750000001,2.29921875,8197.4375
262321,-4.13859375,-7.51078125,2.7590625,8197.46875
262322,-4.44515625,-7.81734375,3.3721875000000003,8197.5
262323,-4.13859375,-7.970625,3.3721875000000003,8197.53125
262324,-3.9853125,-8.2771875,3.2189062500000003,8197.5625
262325,-3.67875,-8.58375,3.0656250000000003,8197.59375
262326,-3.67875,-8.8903125,2.9123437500000002,8197.625
262327,-3.67875,-8.8903125,2.29921875,8197.65625
262328,-3.67875,-8.8903125,2.1459375,8197.6875
262329,-3.67875,-9.043593750000001,1.99265625,8197.71875
262330,-3.67875,-9.043593750000001,1.99265625,8197.75
262331,-3.9853125,-9.81,2.1459375,8197.78125
262332,-3.9853125,-10.88296875,2.4525,8197.8125
262333,-4.13859375,-11.49609375,2.4525,8197.84375
262334,-4.291875,-11.955937500000001,2.4525,8197.875
262335,-4.13859375,-11.03625,2.1459375,8197.90625
262336,-3.5254687500000004,-7.6640625,1.6860937500000002,8197.9375
262337,-2.60578125,-6.897656250000001,1.37953125,8197.96875
262338,-2.4525,-8.123906250000001,1.22625,8198.0
262339,-2.29921875,-9.5034375,1.07296875,8198.03125
262340,-2.60578125,-10.26984375,0.7664062500000001,8198.0625
262341,-3.0656250000000003,-11.80265625,0.45984375,8198.09375
262342,-2.9123437500000002,-10.1165625,0.613125,8198.125
262343,-2.60578125,-9.5034375,0.613125,8198.15625
262344,-2.29921875,-8.58375,0.7664062500000001,8198.1875
262345,-2.4525,-8.430468750000001,0.7664062500000001,8198.21875
262346,-2.60578125,-8.430468750000001,0.7664062500000001,8198.25
262347,-2.4525,-8.2771875,1.07296875,8198.28125
262348,-2.60578125,-8.430468750000001,1.22625,8198.3125
262349,-2.7590625,-9.043593750000001,1.5328125000000001,8198.34375
262350,-2.7590625,-9.350156250000001,1.5328125000000001,8198.375
262351,-2.60578125,-9.656718750000001,1.6860937500000002,8198.40625
262352,-2.9123437500000002,-10.1165625,1.99265625,8198.4375
262353,-3.3721875000000003,-10.1165625,2.1459375,8198.46875
262354,-3.67875,-11.49609375,2.60578125,8198.5
262355,-3.83203125,-12.10921875,2.7590625,8198.53125
262356,-4.44515625,-12.569062500000001,2.60578125,8198.5625
262357,-4.75171875,-12.41578125,2.60578125,8198.59375
262358,-3.83203125,-10.7296875,2.60578125,8198.625
262359,-2.9123437500000002,-6.591093750000001,1.99265625,8198.65625
262360,-2.7590625,-5.9779687500000005,1.99265625,8198.6875
262361,-2.4525,-7.3575,1.6860937500000002,8198.71875
262362,-3.0656250000000003,-9.656718750000001,1.37953125,8198.75
262363,-2.9123437500000002,-10.88296875,1.22625,8198.78125
262364,-2.9123437500000002,-9.043593750000001,1.37953125,8198.8125
262365,-2.9123437500000002,-8.2771875,1.5328125000000001,8198.84375
262366,-3.0656250000000003,-6.897656250000001,1.5328125000000001,8198.875
262367,-3.67875,-6.897656250000001,1.99265625,8198.90625
262368,-4.291875,-7.204218750000001,2.29921875,8198.9375
262369,-4.905,-7.6640625,3.0656250000000003,8198.96875
262370,-5.05828125,-7.81734375,3.3721875000000003,8199.0
262371,-4.5984375,-8.430468750000001,3.5254687500000004,8199.03125
262372,-3.9853125,-8.737031250000001,3.2189062500000003,8199.0625
262373,-3.83203125,-9.196875,3.0656250000000003,8199.09375
262374,-3.9853125,-9.350156250000001,2.7590625,8199.125
262375,-3.9853125,-9.196875,2.60578125,8199.15625
262376,-4.291875,-10.423125,2.60578125,8199.1875
262377,-4.291875,-10.7296875,2.4525,8199.21875
262378,-4.291875,-11.3428125,2.29921875,8199.25
262379,-3.9853125,-11.18953125,1.839375,8199.28125
262380,-3.67875,-9.81,1.6860937500000002,8199.3125
262381,-3.3721875000000003,-7.204218750000001,1.07296875,8199.34375
262382,-3.3721875000000003,-8.2771875,0.7664062500000001,8199.375
262383,-3.2189062500000003,-8.737031250000001,0.7664062500000001,8199.40625
262384,-2.9123437500000002,-10.57640625,0.613125,8199.4375
262385,-3.0656250000000003,-11.03625,0.613125,8199.46875
262386,-2.9123437500000002,-9.656718750000001,0.613125,8199.5
262387,-2.4525,-8.737031250000001,0.7664062500000001,8199.53125
262388,-2.29921875,-8.123906250000001,0.9196875,8199.5625
262389,-2.4525,-8.2771875,1.07296875,8199.59375
262390,-2.7590625,-8.430468750000001,0.9196875,8199.625
262391,-2.9123437500000002,-8.58375,1.22625,8199.65625
262392,-3.0656250000000003,-8.8903125,1.5328125000000001,8199.6875
262393,-2.9123437500000002,-9.196875,1.839375,8199.71875
262394,-2.9123437500000002,-9.5034375,1.839375,8199.75
262395,-3.0656250000000003,-9.656718750000001,1.6860937500000002,8199.78125
262396,-3.67875,-10.26984375,1.99265625,8199.8125
262397,-4.44515625,-10.26984375,2.7590625,8199.84375
262398,-4.44515625,-10.26984375,3.2189062500000003,8199.875
262399,-3.67875,-12.10921875,2.60578125,8199.90625
262400,-3.67875,-11.955937500000001,2.1459375,8199.9375
262401,-4.291875,-11.955937500000001,1.839375,8199.96875
262402,-3.5254687500000004,-10.1165625,2.4525,8200.0
262403,-3.3721875000000003,-8.430468750000001,2.4525,8200.03125
262404,-2.7590625,-6.591093750000001,1.99265625,8200.0625
262405,-2.7590625,-6.897656250000001,1.839375,8200.09375
262406,-2.9123437500000002,-7.970625,1.6860937500000002,8200.125
262407,-2.7590625,-9.81,1.5328125000000001,8200.15625
262408,-2.7590625,-9.81,1.839375,8200.1875
262409,-2.9123437500000002,-7.6640625,2.1459375,8200.21875
262410,-3.0656250000000003,-6.897656250000001,2.29921875,8200.25
262411,-3.5254687500000004,-6.591093750000001,2.7590625,8200.28125
262412,-4.291875,-7.51078125,2.9123437500000002,8200.3125
262413,-4.44515625,-7.81734375,2.9123437500000002,8200.34375
262414,-4.291875,-8.123906250000001,3.2189062500000003,8200.375
262415,-4.291875,-8.430468750000001,3.2189062500000003,8200.40625
262416,-4.291875,-8.8903125,3.3721875000000003,8200.4375
262417,-3.83203125,-9.043593750000001,3.2189062500000003,8200.46875
262418,-3.67875,-8.737031250000001,2.9123437500000002,8200.5
262419,-3.83203125,-9.043593750000001,2.4525,8200.53125
262420,-4.13859375,-9.81,2.60578125,8200.5625
262421,-4.44515625,-12.10921875,2.7590625,8200.59375
262422,-4.5984375,-12.569062500000001,2.60578125,8200.625
262423,-4.44515625,-12.41578125,2.4525,8200.65625
262424,-3.67875,-9.043593750000001,1.99265625,8200.6875
262425,-3.2189062500000003,-7.51078125,1.99265625,8200.71875
262426,-2.60578125,-7.970625,1.22625,8200.75
262427,-2.29921875,-8.8903125,1.07296875,8200.78125
262428,-2.60578125,-9.96328125,0.7664062500000001,8200.8125
262429,-3.2189062500000003,-10.88296875,0.7664062500000001,8200.84375
262430,-3.2189062500000003,-10.1165625,0.7664062500000001,8200.875
262431,-2.4525,-9.043593750000001,0.9196875,8200.90625
262432,-2.1459375,-8.58375,1.07296875,8200.9375
262433,-2.1459375,-8.737031250000001,1.07296875,8200.96875
262434,-2.1459375,-8.123906250000001,1.22625,8201.0
262435,-2.29921875,-7.970625,1.37953125,8201.03125
262436,-2.4525,-7.81734375,1.839375,8201.0625
262437,-2.9123437500000002,-8.2771875,1.99265625,8201.09375
262438,-2.9123437500000002,-8.737031250000001,1.99265625,8201.125
262439,-2.9123437500000002,-9.96328125,2.1459375,8201.15625
262440,-3.2189062500000003,-10.423125,2.1459375,8201.1875
262441,-3.67875,-11.3428125,2.29921875,8201.21875
262442,-3.9853125,-12.72234375,2.1459375,8201.25
262443,-4.44515625,-12.875625000000001,2.29921875,8201.28125
262444,-4.75171875,-12.875625000000001,2.4525,8201.3125
262445,-4.5984375,-10.88296875,2.29921875,8201.34375
262446,-3.2189062500000003,-7.204218750000001,2.1459375,8201.375
262447,-2.9123437500000002,-7.050937500000001,1.6860937500000002,8201.40625
262448,-2.7590625,-7.6640625,1.5328125000000001,8201.4375
262449,-3.0656250000000003,-9.96328125,1.5328125000000001,8201.46875
262450,-2.9123437500000002,-10.88296875,1.37953125,8201.5
262451,-2.9123437500000002,-8.8903125,1.37953125,8201.53125
262452,-3.0656250000000003,-7.6640625,1.37953125,8201.5625
262453,-3.2189062500000003,-7.3575,1.5328125000000001,8201.59375
262454,-3.5254687500000004,-7.3575,1.839375,8201.625
262455,-3.83203125,-7.3575,1.99265625,8201.65625
262456,-3.83203125,-7.6640625,2.60578125,8201.6875
262457,-4.44515625,-8.58375,3.3721875000000003,8201.71875
262458,-4.291875,-9.043593750000001,3.67875,8201.75
262459,-2.7590625,-9.656718750000001,3.67875,8201.78125
262460,-2.29921875,-10.1165625,3.5254687500000004,8201.8125
262461,-2.1459375,-10.26984375,3.0656250000000003,8201.84375
262462,-2.9123437500000002,-11.3428125,2.4525,8201.875
262463,-3.0656250000000003,-11.80265625,2.4525,8201.90625
262464,-3.67875,-12.41578125,2.1459375,8201.9375
262465,-3.67875,-12.569062500000001,1.99265625,8201.96875
262466,-3.2189062500000003,-9.196875,1.5328125000000001,8202.0
262467,-2.7590625,-7.204218750000001,0.9196875,8202.03125
262468,-2.9123437500000002,-7.970625,0.613125,8202.0625
262469,-3.0656250000000003,-8.8903125,0.45984375,8202.09375
262470,-3.3721875000000003,-9.656718750000001,0.3065625,8202.125
262471,-3.83203125,-9.96328125,0.3065625,8202.15625
262472,-3.2189062500000003,-9.043593750000001,0.613125,8202.1875
262473,-3.0656250000000003,-9.043593750000001,0.7664062500000001,8202.21875
262474,-2.29921875,-8.737031250000001,0.613125,8202.25
262475,-1.99265625,-8.58375,0.7664062500000001,8202.28125
262476,-2.29921875,-8.737031250000001,1.22625,8202.3125
262477,-2.60578125,-8.430468750000001,1.37953125,8202.34375
262478,-2.7590625,-8.430468750000001,1.6860937500000002,8202.375
262479,-3.0656250000000003,-8.737031250000001,1.839375,8202.40625
262480,-2.9123437500000002,-9.043593750000001,1.839375,8202.4375
262481,-2.4525,-10.26984375,1.839375,8202.46875
262482,-2.60578125,-10.1165625,2.1459375,8202.5
262483,-2.9123437500000002,-10.7296875,1.99265625,8202.53125
262484,-3.67875,-11.49609375,1.5328125000000001,8202.5625
262485,-4.291875,-12.10921875,1.5328125000000001,8202.59375
262486,-4.75171875,-12.72234375,1.6860937500000002,8202.625
262487,-3.83203125,-8.430468750000001,1.99265625,8202.65625
262488,-3.83203125,-7.51078125,1.99265625,8202.6875
262489,-3.5254687500000004,-7.81734375,2.1459375,8202.71875
262490,-3.3721875000000003,-8.2771875,2.29921875,8202.75
262491,-2.9123437500000002,-11.18953125,2.29921875,8202.78125
262492,-2.9123437500000002,-9.196875,2.1459375,8202.8125
262493,-3.0656250000000003,-7.970625,1.99265625,8202.84375
262494,-3.3721875000000003,-6.897656250000001,1.839375,8202.875
262495,-3.83203125,-6.897656250000001,1.99265625,8202.90625
262496,-4.44515625,-7.3575,1.99265625,8202.9375
262497,-4.75171875,-7.3575,1.99265625,8202.96875
262498,-5.2115625,-7.3575,1.839375,8203.0
262499,-5.67140625,-7.81734375,1.839375,8203.03125
262500,-5.36484375,-8.430468750000001,1.839375,8203.0625
262501,-5.2115625,-9.196875,1.99265625,8203.09375
262502,-4.5984375,-10.1165625,1.839375,8203.125
262503,-4.5984375,-10.88296875,1.99265625,8203.15625
262504,-4.291875,-12.41578125,1.839375,8203.1875
262505,-4.291875,-12.72234375,1.839375,8203.21875
262506,-3.83203125,-12.10921875,1.5328125000000001,8203.25
262507,-3.0656250000000003,-8.430468750000001,1.07296875,8203.28125
262508,-2.9123437500000002,-7.970625,0.9196875,8203.3125
262509,-3.3721875000000003,-8.8903125,0.15328125,8203.34375
262510,-3.2189062500000003,-8.737031250000001,-0.15328125,8203.375
262511,-2.9123437500000002,-9.96328125,0.15328125,8203.40625
262512,-3.2189062500000003,-8.58375,0.7664062500000001,8203.4375
262513,-2.9123437500000002,-8.2771875,1.07296875,8203.46875
262514,-3.0656250000000003,-7.970625,1.07296875,8203.5
262515,-2.7590625,-7.81734375,0.7664062500000001,8203.53125
262516,-1.839375,-8.2771875,1.07296875,8203.5625
262517,-2.29921875,-8.430468750000001,1.5328125000000001,8203.59375
262518,-2.1459375,-8.58375,1.99265625,8203.625
262519,-2.7590625,-9.043593750000001,2.1459375,8203.65625
262520,-2.7590625,-9.196875,1.99265625,8203.6875
262521,-2.60578125,-9.96328125,1.99265625,8203.71875
262522,-2.60578125,-11.03625,1.99265625,8203.75
262523,-2.7590625,-11.955937500000001,1.6860937500000002,8203.78125
262524,-3.2189062500000003,-13.33546875,1.22625,8203.8125
262525,-3.67875,-13.94859375,1.22625,8203.84375
262526,-4.5984375,-11.955937500000001,1.6860937500000002,8203.875
262527,-4.291875,-7.204218750000001,1.99265625,8203.90625
262528,-3.83203125,-6.591093750000001,1.99265625,8203.9375
262529,-3.0656250000000003,-7.970625,1.839375,8203.96875
262530,-2.60578125,-8.58375,1.839375,8204.0
262531,-2.4525,-10.7296875,1.6860937500000002,8204.03125
262532,-2.9123437500000002,-9.043593750000001,1.6860937500000002,8204.0625
262533,-3.0656250000000003,-8.2771875,1.5328125000000001,8204.09375
262534,-3.3721875000000003,-7.204218750000001,1.5328125000000001,8204.125
262535,-3.5254687500000004,-7.050937500000001,1.6860937500000002,8204.15625
262536,-3.83203125,-7.050937500000001,1.99265625,8204.1875
262537,-4.44515625,-7.050937500000001,2.60578125,8204.21875
262538,-4.5984375,-7.3575,3.0656250000000003,8204.25
262539,-4.75171875,-8.430468750000001,3.3721875000000003,8204.28125
262540,-4.44515625,-9.196875,3.3721875000000003,8204.3125
262541,-3.67875,-10.423125,3.0656250000000003,8204.34375
262542,-3.5254687500000004,-10.26984375,3.0656250000000003,8204.375
262543,-3.83203125,-11.3428125,2.9123437500000002,8204.40625
262544,-4.13859375,-12.569062500000001,2.60578125,8204.4375
262545,-4.44515625,-13.33546875,2.29921875,8204.46875
262546,-3.9853125,-10.7296875,1.5328125000000001,8204.5
262547,-3.5254687500000004,-7.204218750000001,0.7664062500000001,8204.53125
262548,-3.3721875000000003,-7.51078125,0.613125,8204.5625
262549,-2.60578125,-8.8903125,0.7664062500000001,8204.59375
262550,-2.60578125,-9.656718750000001,0.613125,8204.625
262551,-2.7590625,-9.81,0.7664062500000001,8204.65625
262552,-2.7590625,-8.58375,0.613125,8204.6875
262553,-2.60578125,-8.430468750000001,0.7664062500000001,8204.71875
262554,-2.4525,-8.123906250000001,0.9196875,8204.75
262555,-2.29921875,-8.2771875,1.07296875,8204.78125
262556,-2.29921875,-8.58375,1.37953125,8204.8125
262557,-2.60578125,-8.430468750000001,1.6860937500000002,8204.84375
262558,-2.60578125,-8.430468750000001,1.839375,8204.875
262559,-2.9123437500000002,-9.043593750000001,2.1459375,8204.90625
262560,-2.9123437500000002,-9.5034375,1.99265625,8204.9375
262561,-2.29921875,-8.2771875,1.07296875,8204.96875
262562,-2.29921875,-8.58375,1.37953125,8205.0
262563,-2.60578125,-8.430468750000001,1.6860937500000002,8205.03125
262564,-2.60578125,-8.430468750000001,1.839375,8205.0625
262565,-2.9123437500000002,-9.043593750000001,2.1459375,8205.09375
262566,-2.9123437500000002,-9.5034375,1.99265625,8205.125
262567,-2.7590625,-10.423125,1.99265625,8205.15625
262568,-2.4525,-10.7296875,2.29921875,8205.1875
262569,-2.7590625,-11.649375000000001,2.1459375,8205.21875
262570,-3.3721875000000003,-12.41578125,1.6860937500000002,8205.25
262571,-3.67875,-12.569062500000001,1.5328125000000001,8205.28125
262572,-3.9853125,-10.7296875,1.99265625,8205.3125
262573,-3.83203125,-7.51078125,2.4525,8205.34375
262574,-3.67875,-7.3575,2.4525,8205.375
262575,-3.0656250000000003,-8.737031250000001,2.1459375,8205.40625
262576,-3.2189062500000003,-9.656718750000001,1.99265625,8205.4375
262577,-2.4525,-10.423125,1.99265625,8205.46875
262578,-2.60578125,-8.2771875,1.5328125000000001,8205.5
262579,-2.60578125,-7.51078125,1.37953125,8205.53125
262580,-3.2189062500000003,-7.050937500000001,1.22625,8205.5625
262581,-3.3721875000000003,-7.3575,1.37953125,8205.59375
262582,-3.9853125,-7.6640625,1.99265625,8205.625
262583,-4.44515625,-7.81734375,2.60578125,8205.65625
262584,-4.44515625,-7.6640625,2.9123437500000002,8205.6875
262585,-4.75171875,-8.58375,3.2189062500000003,8205.71875
262586,-4.5984375,-9.350156250000001,3.2189062500000003,8205.75
262587,-3.67875,-10.423125,3.2189062500000003,8205.78125
262588,-3.5254687500000004,-11.03625,2.9123437500000002,8205.8125
262589,-3.83203125,-12.262500000000001,2.60578125,8205.84375
262590,-4.13859375,-13.33546875,2.29921875,8205.875
262591,-3.83203125,-13.02890625,1.99265625,8205.90625
262592,-3.2189062500000003,-9.196875,1.22625,8205.9375
262593,-3.0656250000000003,-8.8903125,-2.7590625,8205.96875
262594,-0.45984375,-10.423125,-4.44515625,8206.0
262595,-5.36484375,-9.196875,1.37953125,8206.03125
262596,-9.043593750000001,-9.196875,0.15328125,8206.0625
262597,-4.75171875,-9.96328125,0.0,8206.09375
262598,-1.5328125000000001,-7.970625,-1.37953125,8206.125
262599,1.07296875,-7.51078125,1.22625,8206.15625
262600,-1.22625,-9.96328125,1.5328125000000001,8206.1875
262601,-0.3065625,-7.970625,1.6860937500000002,8206.21875
262602,-1.37953125,-7.81734375,1.37953125,8206.25
262603,-3.3721875000000003,-7.970625,1.5328125000000001,8206.28125
262604,-4.13859375,-8.2771875,1.839375,8206.3125
262605,-3.3721875000000003,-9.043593750000001,2.29921875,8206.34375
262606,-3.0656250000000003,-9.5034375,2.29921875,8206.375
262607,-2.4525,-9.96328125,2.7590625,8206.40625
262608,-2.7590625,-12.262500000000001,2.7590625,8206.4375
262609,-3.0656250000000003,-13.488750000000001,2.60578125,8206.46875
262610,-4.44515625,-13.182187500000001,2.7590625,8206.5
262611,-4.5984375,-10.26984375,2.29921875,8206.53125
262612,-3.83203125,-8.123906250000001,1.5328125000000001,8206.5625
262613,-4.291875,-6.897656250000001,0.613125,8206.59375
262614,-2.9123437500000002,-8.123906250000001,0.9196875,8206.625
262615,-3.2189062500000003,-9.5034375,1.22625,8206.65625
262616,-2.4525,-9.81,1.37953125,8206.6875
262617,-2.1459375,-8.737031250000001,1.5328125000000001,8206.71875
262618,-2.60578125,-7.3575,1.5328125000000001,8206.75
262619,-2.9123437500000002,-7.204218750000001,1.5328125000000001,8206.78125
262620,-3.2189062500000003,-7.050937500000001,1.37953125,8206.8125
262621,-3.3721875000000003,-7.204218750000001,1.5328125000000001,8206.84375
262622,-4.13859375,-7.81734375,2.4525,8206.875
262623,-4.5984375,-8.123906250000001,3.3721875000000003,8206.90625
262624,-5.05828125,-8.737031250000001,3.9853125,8206.9375
262625,-4.5984375,-10.57640625,4.75171875,8206.96875
262626,-3.83203125,-10.57640625,4.291875,8207.0
262627,-4.13859375,-10.88296875,2.60578125,8207.03125
262628,-4.44515625,-12.875625000000001,2.29921875,8207.0625
262629,-4.44515625,-13.182187500000001,2.29921875,8207.09375
262630,-4.44515625,-10.7296875,1.22625,8207.125
262631,-4.13859375,-9.350156250000001,0.7664062500000001,8207.15625
262632,-3.9853125,-9.043593750000001,0.15328125,8207.1875
262633,-3.5254687500000004,-10.423125,0.0,8207.21875
262634,-3.0656250000000003,-10.57640625,0.0,8207.25
262635,-2.9123437500000002,-8.2771875,0.45984375,8207.28125
262636,-2.7590625,-7.81734375,0.613125,8207.3125
262637,-2.4525,-7.81734375,0.9196875,8207.34375
262638,-1.99265625,-7.81734375,0.9196875,8207.375
262639,-1.5328125000000001,-8.123906250000001,1.07296875,8207.40625
262640,-1.5328125000000001,-8.2771875,1.07296875,8207.4375
262641,-1.6860937500000002,-7.970625,1.37953125,8207.46875
262642,-2.29921875,-7.970625,1.99265625,8207.5
262643,-3.2189062500000003,-9.96328125,2.1459375,8207.53125
262644,-3.2189062500000003,-10.88296875,2.29921875,8207.5625
262645,-2.60578125,-10.7296875,2.4525,8207.59375
262646,-2.60578125,-11.80265625,2.29921875,8207.625
262647,-3.5254687500000004,-13.488750000000001,1.99265625,8207.65625
262648,-4.13859375,-12.262500000000001,1.5328125000000001,8207.6875
262649,-4.44515625,-10.88296875,1.839375,8207.71875
262650,-4.75171875,-7.970625,2.1459375,8207.75
262651,-4.291875,-7.6640625,1.839375,8207.78125
262652,-3.5254687500000004,-9.043593750000001,1.99265625,8207.8125
262653,-2.29921875,-9.5034375,1.99265625,8207.84375
262654,-2.1459375,-8.8903125,1.99265625,8207.875
262655,-2.29921875,-7.6640625,1.5328125000000001,8207.90625
262656,-2.60578125,-7.204218750000001,1.5328125000000001,8207.9375
262657,-3.2189062500000003,-7.050937500000001,1.839375,8207.96875
262658,-3.83203125,-7.3575,2.4525,8208.0
262659,-4.291875,-7.3575,2.7590625,8208.03125
262660,-5.05828125,-7.6640625,3.2189062500000003,8208.0625
262661,-5.36484375,-7.970625,3.3721875000000003,8208.09375
262662,-5.36484375,-9.043593750000001,3.67875,8208.125
262663,-4.13859375,-10.26984375,3.5254687500000004,8208.15625
262664,-3.83203125,-10.88296875,3.3721875000000003,8208.1875
262665,-3.9853125,-13.33546875,2.9123437500000002,8208.21875
262666,-4.13859375,-13.795312500000001,2.60578125,8208.25
262667,-4.291875,-12.72234375,2.1459375,8208.28125
262668,-3.83203125,-7.6640625,1.07296875,8208.3125
262669,-3.83203125,-7.204218750000001,0.45984375,8208.34375
262670,-3.0656250000000003,-9.043593750000001,0.15328125,8208.375
262671,-2.7590625,-9.5034375,0.15328125,8208.40625
262672,-2.29921875,-9.196875,0.15328125,8208.4375
262673,-2.1459375,-7.970625,0.45984375,8208.46875
262674,-1.839375,-7.6640625,0.613125,8208.5
262675,-1.6860937500000002,-7.81734375,1.37953125,8208.53125
262676,-1.5328125000000001,-7.81734375,1.5328125000000001,8208.5625
262677,-1.6860937500000002,-8.430468750000001,1.6860937500000002,8208.59375
262678,-1.99265625,-8.8903125,2.1459375,8208.625
262679,-2.4525,-8.8903125,2.29921875,8208.65625
262680,-3.2189062500000003,-9.5034375,2.4525,8208.6875
262681,-3.2189062500000003,-10.26984375,2.60578125,8208.71875
262682,-2.9123437500000002,-11.03625,2.7590625,8208.75
262683,-3.2189062500000003,-11.955937500000001,2.4525,8208.78125
262684,-3.2189062500000003,-13.182187500000001,2.1459375,8208.8125
262685,-3.5254687500000004,-12.10921875,1.839375,8208.84375
262686,-3.67875,-11.649375000000001,1.839375,8208.875
262687,-3.9853125,-7.51078125,2.4525,8208.90625
262688,-3.67875,-7.3575,2.7590625,8208.9375
262689,-3.3721875000000003,-7.970625,2.7590625,8208.96875
262690,-2.60578125,-9.96328125,2.9123437500000002,8209.0
262691,-2.1459375,-9.96328125,3.0656250000000003,8209.03125
262692,-2.29921875,-7.81734375,2.60578125,8209.0625
262693,-2.60578125,-6.897656250000001,2.29921875,8209.09375
262694,-2.9123437500000002,-7.050937500000001,2.29921875,8209.125
262695,-4.13859375,-7.3575,2.1459375,8209.15625
262696,-4.905,-7.3575,2.1459375,8209.1875
262697,-5.8246875000000005,-7.050937500000001,2.1459375,8209.21875
262698,-5.518125,-7.81734375,2.7590625,8209.25
262699,-5.36484375,-8.8903125,2.9123437500000002,8209.28125
262700,-4.905,-9.5034375,2.9123437500000002,8209.3125
262701,-5.05828125,-9.81,2.9123437500000002,8209.34375
262702,-5.518125,-12.262500000000001,2.9123437500000002,8209.375
262703,-5.36484375,-13.488750000000001,2.29921875,8209.40625
262704,-4.905,-13.488750000000001,1.839375,8209.4375
262705,-2.9123437500000002,-11.3428125,0.7664062500000001,8209.46875
262706,-2.4525,-10.88296875,0.9196875,8209.5
262707,-2.1459375,-11.18953125,0.3065625,8209.53125
262708,-2.29921875,-8.8903125,0.45984375,8209.5625
262709,-2.1459375,-7.3575,0.45984375,8209.59375
262710,-2.4525,-6.437812500000001,0.3065625,8209.625
262711,-2.4525,-6.437812500000001,0.45984375,8209.65625
262712,-2.4525,-6.897656250000001,0.7664062500000001,8209.6875
262713,-2.29921875,-7.81734375,0.9196875,8209.71875
262714,-1.99265625,-8.430468750000001,0.9196875,8209.75
262715,-1.839375,-8.58375,1.6860937500000002,8209.78125
262716,-1.839375,-9.196875,1.99265625,8209.8125
262717,-2.29921875,-10.26984375,2.4525,8209.84375
262718,-2.7590625,-11.18953125,2.29921875,8209.875
262719,-2.7590625,-11.03625,2.4525,8209.90625
262720,-2.7590625,-12.262500000000001,1.99265625,8209.9375
262721,-3.0656250000000003,-11.80265625,1.839375,8209.96875
262722,-3.67875,-11.955937500000001,1.37953125,8210.0
262723,-4.905,-10.57640625,1.839375,8210.03125
262724,-5.2115625,-9.656718750000001,2.29921875,8210.0625
262725,-4.75171875,-8.58375,2.7590625,8210.09375
262726,-3.9853125,-9.5034375,2.9123437500000002,8210.125
262727,-1.99265625,-9.350156250000001,2.9123437500000002,8210.15625
262728,-1.839375,-7.970625,2.1459375,8210.1875
262729,-1.839375,-7.3575,1.839375,8210.21875
262730,-2.4525,-6.897656250000001,1.6860937500000002,8210.25
262731,-2.7590625,-7.204218750000001,1.99265625,8210.28125
262732,-3.5254687500000004,-7.6640625,2.9123437500000002,8210.3125
262733,-4.905,-7.970625,3.2189062500000003,8210.34375
262734,-5.518125,-7.81734375,3.5254687500000004,8210.375
262735,-4.905,-8.430468750000001,3.5254687500000004,8210.40625
262736,-4.44515625,-9.196875,3.3721875000000003,8210.4375
262737,-3.5254687500000004,-10.57640625,3.3721875000000003,8210.46875
262738,-3.67875,-11.49609375,3.2189062500000003,8210.5
262739,-3.83203125,-12.569062500000001,2.9123437500000002,8210.53125
262740,-4.291875,-12.875625000000001,2.29921875,8210.5625
262741,-4.291875,-12.875625000000001,2.1459375,8210.59375
262742,-3.67875,-8.737031250000001,1.5328125000000001,8210.625
262743,-3.3721875000000003,-7.81734375,0.9196875,8210.65625
262744,-3.2189062500000003,-8.430468750000001,0.7664062500000001,8210.6875
262745,-3.0656250000000003,-9.5034375,0.3065625,8210.71875
262746,-2.9123437500000002,-10.1165625,0.3065625,8210.75
262747,-3.0656250000000003,-7.970625,0.7664062500000001,8210.78125
262748,-2.9123437500000002,-7.6640625,0.9196875,8210.8125
262749,-2.9123437500000002,-7.6640625,1.07296875,8210.84375
262750,-1.839375,-8.123906250000001,1.07296875,8210.875
262751,-1.6860937500000002,-8.430468750000001,1.07296875,8210.90625
262752,-1.99265625,-8.8903125,1.6860937500000002,8210.9375
262753,-2.7590625,-9.043593750000001,1.99265625,8210.96875
262754,-2.9123437500000002,-9.350156250000001,1.99265625,8211.0
262755,-3.0656250000000003,-10.423125,2.29921875,8211.03125
262756,-2.7590625,-10.7296875,2.4525,8211.0625
262757,-2.29921875,-10.57640625,2.4525,8211.09375
262758,-2.60578125,-11.955937500000001,1.839375,8211.125
262759,-3.0656250000000003,-11.80265625,1.6860937500000002,8211.15625
262760,-3.9853125,-10.88296875,1.839375,8211.1875
262761,-4.44515625,-9.96328125,2.4525,8211.21875
262762,-4.5984375,-8.123906250000001,2.9123437500000002,8211.25
262763,-3.3721875000000003,-8.123906250000001,2.7590625,8211.28125
262764,-2.7590625,-9.5034375,2.60578125,8211.3125
262765,-1.5328125000000001,-9.96328125,2.29921875,8211.34375
262766,-1.6860937500000002,-9.196875,2.1459375,8211.375
262767,-1.99265625,-7.51078125,1.6860937500000002,8211.40625
262768,-2.9123437500000002,-7.050937500000001,1.839375,8211.4375
262769,-3.3721875000000003,-7.050937500000001,1.99265625,8211.46875
262770,-4.291875,-7.51078125,2.1459375,8211.5
262771,-5.36484375,-7.51078125,2.29921875,8211.53125
262772,-5.67140625,-7.51078125,2.4525,8211.5625
262773,-5.8246875000000005,-9.043593750000001,2.9123437500000002,8211.59375
262774,-5.67140625,-9.81,2.9123437500000002,8211.625
262775,-5.05828125,-10.1165625,3.0656250000000003,8211.65625
262776,-4.905,-10.7296875,2.9123437500000002,8211.6875
262777,-4.75171875,-12.41578125,2.4525,8211.71875
262778,-4.5984375,-12.41578125,1.6860937500000002,8211.75
262779,-4.291875,-11.03625,1.37953125,8211.78125
262780,-3.3721875000000003,-9.96328125,0.613125,8211.8125
262781,-3.0656250000000003,-10.26984375,0.45984375,8211.84375
262782,-2.7590625,-10.88296875,0.3065625,8211.875
262783,-2.7590625,-9.5034375,0.3065625,8211.90625
262784,-2.60578125,-8.123906250000001,0.45984375,8211.9375
262785,-2.4525,-7.050937500000001,0.45984375,8211.96875
262786,-2.4525,-6.744375000000001,0.613125,8212.0
262787,-2.29921875,-6.591093750000001,1.07296875,8212.03125
262788,-2.1459375,-7.3575,0.9196875,8212.0625
262789,-1.99265625,-7.6640625,1.07296875,8212.09375
262790,-1.99265625,-8.58375,1.6860937500000002,8212.125
262791,-2.29921875,-9.196875,1.99265625,8212.15625
262792,-2.7590625,-10.7296875,2.29921875,8212.1875
262793,-2.29921875,-11.80265625,2.4525,8212.21875
262794,-2.4525,-11.49609375,2.60578125,8212.25
262795,-2.4525,-12.875625000000001,1.839375,8212.28125
262796,-2.9123437500000002,-12.72234375,1.5328125000000001,8212.3125
262797,-3.83203125,-12.72234375,1.22625,8212.34375
262798,-4.905,-9.81,2.1459375,8212.375
262799,-5.05828125,-8.123906250000001,2.4525,8212.40625
262800,-4.44515625,-7.3575,2.7590625,8212.4375
262801,-3.3721875000000003,-8.430468750000001,2.60578125,8212.46875
262802,-1.839375,-9.196875,2.29921875,8212.5
262803,-1.99265625,-8.430468750000001,1.5328125000000001,8212.53125
262804,-1.99265625,-7.970625,1.22625,8212.5625
262805,-2.60578125,-7.3575,1.37953125,8212.59375
262806,-2.9123437500000002,-7.6640625,1.6860937500000002,8212.625
262807,-4.13859375,-7.970625,2.60578125,8212.65625
262808,-4.905,-7.6640625,3.5254687500000004,8212.6875
262809,-5.2115625,-7.3575,3.83203125,8212.71875
262810,-4.905,-8.430468750000001,3.5254687500000004,8212.75
262811,-4.44515625,-9.350156250000001,3.2189062500000003,8212.78125
262812,-3.5254687500000004,-11.18953125,3.3721875000000003,8212.8125
262813,-3.5254687500000004,-11.3428125,3.2189062500000003,8212.84375
262814,-3.67875,-11.80265625,2.7590625,8212.875
262815,-4.291875,-12.569062500000001,1.99265625,8212.90625
262816,-4.44515625,-11.80265625,1.6860937500000002,8212.9375
262817,-4.13859375,-9.196875,0.45984375,8212.96875
262818,-3.5254687500000004,-9.5034375,-0.15328125,8213.0
262819,-3.3721875000000003,-10.26984375,0.0,8213.03125
262820,-2.60578125,-10.88296875,0.0,8213.0625
262821,-2.60578125,-9.5034375,0.3065625,8213.09375
262822,-2.4525,-7.81734375,0.45984375,8213.125
262823,-2.29921875,-7.3575,0.613125,8213.15625
262824,-2.4525,-7.3575,0.7664062500000001,8213.1875
262825,-2.29921875,-7.970625,1.07296875,8213.21875
262826,-2.1459375,-8.2771875,1.22625,8213.25
262827,-1.99265625,-9.043593750000001,1.839375,8213.28125
262828,-2.29921875,-9.5034375,2.29921875,8213.3125
262829,-2.4525,-9.5034375,2.29921875,8213.34375
262830,-2.1459375,-10.26984375,2.4525,8213.375
262831,-2.4525,-10.57640625,2.4525,8213.40625
262832,-2.7590625,-11.80265625,2.29921875,8213.4375
262833,-3.2189062500000003,-12.72234375,1.839375,8213.46875
262834,-3.83203125,-12.569062500000001,1.839375,8213.5
262835,-4.13859375,-11.18953125,2.1459375,8213.53125
262836,-4.291875,-9.350156250000001,2.4525,8213.5625
262837,-4.44515625,-7.6640625,2.7590625,8213.59375
262838,-3.5254687500000004,-8.58375,2.29921875,8213.625
262839,-2.7590625,-9.656718750000001,1.99265625,8213.65625
262840,-1.839375,-9.043593750000001,1.99265625,8213.6875
262841,-1.99265625,-8.2771875,1.99265625,8213.71875
262842,-2.7590625,-7.204218750000001,1.6860937500000002,8213.75
262843,-3.5254687500000004,-6.897656250000001,1.6860937500000002,8213.78125
262844,-4.13859375,-7.050937500000001,1.6860937500000002,8213.8125
262845,-5.05828125,-6.897656250000001,1.99265625,8213.84375
262846,-5.36484375,-6.591093750000001,2.1459375,8213.875
262847,-5.9779687500000005,-7.51078125,2.29921875,8213.90625
262848,-5.8246875000000005,-9.81,2.1459375,8213.9375
262849,-5.518125,-10.423125,2.4525,8213.96875
262850,-4.5984375,-11.03625,3.2189062500000003,8214.0
262851,-4.291875,-12.569062500000001,3.2189062500000003,8214.03125
262852,-3.9853125,-14.101875000000001,3.0656250000000003,8214.0625
262853,-3.83203125,-12.262500000000001,2.4525,8214.09375
262854,-3.5254687500000004,-10.26984375,1.6860937500000002,8214.125
262855,-2.9123437500000002,-9.350156250000001,0.613125,8214.15625
262856,-2.7590625,-9.350156250000001,0.3065625,8214.1875
262857,-2.29921875,-10.26984375,0.15328125,8214.21875
262858,-2.4525,-7.6640625,0.7664062500000001,8214.25
262859,-2.7590625,-6.897656250000001,0.45984375,8214.28125
262860,-2.9123437500000002,-6.591093750000001,0.45984375,8214.3125
262861,-2.7590625,-6.591093750000001,0.7664062500000001,8214.34375
262862,-2.9123437500000002,-7.6640625,1.07296875,8214.375
262863,-1.99265625,-8.8903125,1.22625,8214.40625
262864,-1.6860937500000002,-8.8903125,1.5328125000000001,8214.4375
262865,-1.99265625,-9.196875,2.1459375,8214.46875
262866,-2.4525,-9.81,2.60578125,8214.5
262867,-2.60578125,-10.7296875,2.4525,8214.53125
262868,-2.1459375,-10.26984375,2.4525,8214.5625
262869,-2.1459375,-11.3428125,2.29921875,8214.59375
262870,-2.4525,-12.569062500000001,2.1459375,8214.625
262871,-3.2189062500000003,-13.182187500000001,1.99265625,8214.65625
262872,-4.13859375,-11.49609375,2.1459375,8214.6875
262873,-4.905,-8.430468750000001,2.60578125,8214.71875
262874,-4.5984375,-7.51078125,2.60578125,8214.75
262875,-3.3721875000000003,-9.656718750000001,2.1459375,8214.78125
262876,-2.60578125,-10.26984375,2.29921875,8214.8125
262877,-1.839375,-8.8903125,2.4525,8214.84375
262878,-1.839375,-7.6640625,1.839375,8214.875
262879,-2.1459375,-6.897656250000001,1.6860937500000002,8214.90625
262880,-2.7590625,-6.897656250000001,1.6860937500000002,8214.9375
262881,-3.2189062500000003,-7.3575,1.839375,8214.96875
262882,-4.291875,-7.81734375,2.4525,8215.0
262883,-5.05828125,-7.51078125,3.0656250000000003,8215.03125
262884,-5.2115625,-7.81734375,3.2189062500000003,8215.0625
262885,-5.36484375,-9.656718750000001,3.5254687500000004,8215.09375
262886,-5.05828125,-10.1165625,3.67875,8215.125
262887,-3.83203125,-10.423125,3.5254687500000004,8215.15625
262888,-4.291875,-11.49609375,2.9123437500000002,8215.1875
262889,-4.291875,-11.955937500000001,2.60578125,8215.21875
262890,-4.75171875,-11.80265625,1.99265625,8215.25
262891,-4.44515625,-10.423125,1.6860937500000002,8215.28125
262892,-3.83203125,-9.196875,0.9196875,8215.3125
262893,-3.3721875000000003,-9.656718750000001,0.613125,8215.34375
262894,-3.2189062500000003,-10.423125,0.45984375,8215.375
262895,-2.9123437500000002,-10.7296875,0.45984375,8215.40625
262896,-2.7590625,-9.5034375,0.613125,8215.4375
262897,-2.4525,-8.123906250000001,0.7664062500000001,8215.46875
262898,-2.4525,-7.3575,0.9196875,8215.5
262899,-2.60578125,-7.3575,1.22625,8215.53125
262900,-2.60578125,-7.970625,1.5328125000000001,8215.5625
262901,-2.29921875,-8.430468750000001,1.6860937500000002,8215.59375
262902,-2.1459375,-8.430468750000001,1.99265625,8215.625
262903,-2.4525,-8.58375,2.4525,8215.65625
262904,-2.60578125,-8.8903125,2.60578125,8215.6875
262905,-2.7590625,-10.26984375,2.60578125,8215.71875
262906,-2.7590625,-10.57640625,2.60578125,8215.75
262907,-2.7590625,-11.80265625,2.4525,8215.78125
262908,-3.0656250000000003,-12.41578125,2.1459375,8215.8125
262909,-3.5254687500000004,-11.955937500000001,1.99265625,8215.84375
262910,-3.83203125,-10.7296875,2.4525,8215.875
262911,-4.13859375,-9.350156250000001,2.60578125,8215.90625
262912,-3.9853125,-8.2771875,2.7590625,8215.9375
262913,-3.2189062500000003,-9.043593750000001,2.4525,8215.96875
262914,-2.60578125,-9.96328125,2.1459375,8216.0
262915,-1.99265625,-8.8903125,1.99265625,8216.03125
262916,-1.99265625,-8.2771875,1.839375,8216.0625
262917,-2.29921875,-7.204218750000001,1.6860937500000002,8216.09375
262918,-3.0656250000000003,-7.3575,1.6860937500000002,8216.125
262919,-3.3721875000000003,-7.6640625,1.839375,8216.15625
262920,-3.9853125,-7.51078125,2.60578125,8216.1875
262921,-3.9853125,-7.3575,2.9123437500000002,8216.21875
262922,-4.44515625,-7.970625,3.5254687500000004,8216.25
262923,-4.44515625,-9.81,3.3721875000000003,8216.28125
262924,-4.291875,-10.7296875,3.5254687500000004,8216.3125
262925,-3.83203125,-10.88296875,3.9853125,8216.34375
262926,-3.67875,-11.955937500000001,3.9853125,8216.375
262927,-3.9853125,-13.33546875,3.2189062500000003,8216.40625
262928,-3.5254687500000004,-12.10921875,2.4525,8216.4375
262929,-3.2189062500000003,-9.96328125,1.839375,8216.46875
262930,-2.9123437500000002,-8.430468750000001,1.07296875,8216.5
262931,-2.9123437500000002,-9.350156250000001,0.9196875,8216.53125
262932,-2.9123437500000002,-9.96328125,0.7664062500000001,8216.5625
262933,-2.7590625,-9.5034375,0.613125,8216.59375
262934,-2.7590625,-8.430468750000001,0.7664062500000001,8216.625
262935,-2.60578125,-8.2771875,0.9196875,8216.65625
262936,-2.4525,-7.970625,1.07296875,8216.6875
262937,-2.1459375,-8.2771875,1.37953125,8216.71875
262938,-1.5328125000000001,-8.58375,1.37953125,8216.75
262939,-1.37953125,-8.737031250000001,1.5328125000000001,8216.78125
262940,-1.6860937500000002,-8.737031250000001,1.99265625,8216.8125
262941,-2.1459375,-9.043593750000001,1.99265625,8216.84375
262942,-2.29921875,-10.1165625,2.1459375,8216.875
262943,-2.1459375,-10.26984375,2.1459375,8216.90625
262944,-2.1459375,-10.88296875,1.99265625,8216.9375
262945,-2.60578125,-13.182187500000001,1.5328125000000001,8216.96875
262946,-3.3721875000000003,-12.875625000000001,1.6860937500000002,8217.0
262947,-4.291875,-10.423125,2.7590625,8217.03125
262948,-4.5984375,-7.3575,3.5254687500000004,8217.0625
262949,-4.291875,-7.51078125,3.5254687500000004,8217.09375
262950,-2.9123437500000002,-9.350156250000001,3.0656250000000003,8217.125
262951,-2.29921875,-10.57640625,2.7590625,8217.15625
262952,-1.839375,-9.96328125,2.4525,8217.1875
262953,-1.99265625,-8.123906250000001,2.1459375,8217.21875
262954,-2.29921875,-7.204218750000001,1.99265625,8217.25
262955,-3.2189062500000003,-6.897656250000001,1.99265625,8217.28125
262956,-3.67875,-7.3575,2.1459375,8217.3125
262957,-4.44515625,-7.204218750000001,2.29921875,8217.34375
262958,-4.75171875,-7.3575,2.7590625,8217.375
262959,-5.05828125,-7.970625,3.0656250000000003,8217.40625
262960,-4.905,-10.1165625,3.3721875000000003,8217.4375
262961,-4.75171875,-10.57640625,3.3721875000000003,8217.46875
262962,-3.67875,-10.1165625,3.3721875000000003,8217.5
262963,-3.83203125,-12.875625000000001,2.7590625,8217.53125
262964,-3.9853125,-13.33546875,2.60578125,8217.5625
262965,-3.67875,-12.262500000000001,2.1459375,8217.59375
262966,-3.5254687500000004,-10.88296875,1.5328125000000001,8217.625
262967,-2.9123437500000002,-10.423125,0.613125,8217.65625
262968,-2.4525,-10.57640625,0.3065625,8217.6875
262969,-2.29921875,-10.423125,0.613125,8217.71875
262970,-2.4525,-8.430468750000001,0.7664062500000001,8217.75
262971,-2.29921875,-7.3575,0.7664062500000001,8217.78125
262972,-2.1459375,-7.050937500000001,0.9196875,8217.8125
262973,-2.4525,-7.3575,1.22625,8217.84375
262974,-2.29921875,-7.6640625,1.22625,8217.875
262975,-1.5328125000000001,-8.58375,1.37953125,8217.90625
262976,-1.5328125000000001,-8.737031250000001,1.6860937500000002,8217.9375
262977,-1.6860937500000002,-8.737031250000001,2.1459375,8217.96875
262978,-1.99265625,-9.656718750000001,2.60578125,8218.0
262979,-2.29921875,-10.423125,2.4525,8218.03125
262980,-2.29921875,-11.18953125,2.60578125,8218.0625
262981,-2.4525,-11.49609375,2.4525,8218.09375
262982,-2.4525,-13.02890625,1.839375,8218.125
262983,-3.3721875000000003,-12.569062500000001,1.839375,8218.15625
262984,-3.83203125,-11.3428125,1.99265625,8218.1875
262985,-4.75171875,-8.737031250000001,2.60578125,8218.21875
262986,-4.44515625,-8.430468750000001,2.60578125,8218.25
262987,-3.67875,-9.043593750000001,2.60578125,8218.28125
262988,-2.1459375,-10.1165625,2.60578125,8218.3125
262989,-1.6860937500000002,-9.196875,2.4525,8218.34375
262990,-1.6860937500000002,-7.970625,2.1459375,8218.375
262991,-1.99265625,-7.3575,1.839375,8218.40625
262992,-2.9123437500000002,-7.050937500000001,1.99265625,8218.4375
262993,-3.5254687500000004,-7.51078125,2.4525,8218.46875
262994,-3.67875,-7.6640625,2.7590625,8218.5
262995,-4.291875,-7.3575,3.2189062500000003,8218.53125
262996,-4.75171875,-7.51078125,3.3721875000000003,8218.5625
262997,-4.905,-9.196875,3.5254687500000004,8218.59375
262998,-4.5984375,-10.57640625,3.67875,8218.625
262999,-4.13859375,-10.88296875,3.9853125,8218.65625
263000,-3.5254687500000004,-13.02890625,4.13859375,8218.6875
263001,-3.5254687500000004,-13.33546875,3.83203125,8218.71875
263002,-3.5254687500000004,-13.33546875,3.0656250000000003,8218.75
263003,-3.0656250000000003,-8.8903125,2.1459375,8218.78125
263004,-2.9123437500000002,-8.123906250000001,1.6860937500000002,8218.8125
263005,-2.60578125,-8.58375,1.07296875,8218.84375
263006,-2.7590625,-8.8903125,0.7664062500000001,8218.875
263007,-2.29921875,-9.656718750000001,-2.60578125,8218.90625
263008,-1.839375,-7.204218750000001,2.1459375,8218.9375
263009,-4.75171875,-6.284531250000001,1.99265625,8218.96875
263010,-3.3721875000000003,-8.2771875,-0.45984375,8219.0
263011,-4.13859375,-8.2771875,-0.15328125,8219.03125
263012,-3.0656250000000003,-8.430468750000001,1.37953125,8219.0625
263013,-2.29921875,-8.737031250000001,1.99265625,8219.09375
263014,-2.60578125,-8.737031250000001,1.99265625,8219.125
263015,-3.2189062500000003,-8.8903125,2.4525,8219.15625
263016,-3.2189062500000003,-9.350156250000001,2.29921875,8219.1875
263017,-2.9123437500000002,-9.96328125,2.29921875,8219.21875
263018,-2.60578125,-10.7296875,2.4525,8219.25
263019,-2.29921875,-11.955937500000001,2.29921875,8219.28125
263020,-2.7590625,-12.41578125,2.29921875,8219.3125
263021,-3.3721875000000003,-12.569062500000001,2.29921875,8219.34375
263022,-3.9853125,-9.5034375,2.60578125,8219.375
263023,-3.5254687500000004,-8.2771875,2.9123437500000002,8219.40625
263024,-3.0656250000000003,-8.58375,2.7590625,8219.4375
263025,-1.99265625,-10.7296875,2.1459375,8219.46875
263026,-1.5328125000000001,-10.88296875,1.99265625,8219.5
263027,-1.5328125000000001,-8.8903125,1.839375,8219.53125
263028,-1.99265625,-7.6640625,1.37953125,8219.5625
263029,-2.4525,-7.3575,1.22625,8219.59375
263030,-3.3721875000000003,-7.51078125,1.07296875,8219.625
263031,-3.83203125,-7.6640625,1.5328125000000001,8219.65625
263032,-4.291875,-7.204218750000001,2.4525,8219.6875
263033,-5.2115625,-7.6640625,3.2189062500000003,8219.71875
263034,-5.518125,-8.58375,3.5254687500000004,8219.75
263035,-5.67140625,-11.18953125,3.83203125,8219.78125
263036,-4.905,-11.3428125,3.83203125,8219.8125
263037,-3.9853125,-10.26984375,3.83203125,8219.84375
263038,-3.9853125,-12.569062500000001,3.2189062500000003,8219.875
263039,-4.13859375,-12.262500000000001,2.7590625,8219.90625
263040,-3.9853125,-9.96328125,1.839375,8219.9375
263041,-3.83203125,-8.8903125,1.37953125,8219.96875
263042,-3.67875,-9.81,0.613125,8220.0
263043,-3.3721875000000003,-10.423125,0.45984375,8220.03125
263044,-3.2189062500000003,-11.3428125,0.3065625,8220.0625
263045,-2.7590625,-9.350156250000001,0.613125,8220.09375
263046,-2.60578125,-8.430468750000001,0.7664062500000001,8220.125
263047,-2.29921875,-7.3575,0.7664062500000001,8220.15625
263048,-2.60578125,-7.3575,1.07296875,8220.1875
263049,-2.60578125,-7.81734375,1.22625,8220.21875
263050,-2.1459375,-8.123906250000001,1.37953125,8220.25
263051,-2.1459375,-8.123906250000001,1.5328125000000001,8220.28125
263052,-1.99265625,-8.430468750000001,2.1459375,8220.3125
263053,-2.29921875,-9.350156250000001,2.60578125,8220.34375
263054,-2.4525,-9.96328125,2.9123437500000002,8220.375
263055,-2.4525,-10.57640625,3.0656250000000003,8220.40625
263056,-2.29921875,-10.88296875,2.9123437500000002,8220.4375
263057,-2.29921875,-12.262500000000001,2.4525,8220.46875
263058,-3.3721875000000003,-12.41578125,2.29921875,8220.5
263059,-3.83203125,-11.03625,2.4525,8220.53125
263060,-4.291875,-8.2771875,2.9123437500000002,8220.5625
263061,-4.44515625,-8.123906250000001,2.9123437500000002,8220.59375
263062,-3.67875,-9.043593750000001,2.7590625,8220.625
263063,-2.29921875,-10.88296875,2.7590625,8220.65625
263064,-1.6860937500000002,-9.81,2.60578125,8220.6875
263065,-1.6860937500000002,-8.123906250000001,1.99265625,8220.71875
263066,-1.6860937500000002,-7.6640625,1.6860937500000002,8220.75
263067,-2.60578125,-7.204218750000001,1.5328125000000001,8220.78125
263068,-3.5254687500000004,-7.51078125,1.99265625,8220.8125
263069,-3.67875,-7.51078125,2.4525,8220.84375
263070,-4.13859375,-7.3575,3.5254687500000004,8220.875
263071,-5.05828125,-8.123906250000001,3.83203125,8220.90625
263072,-5.518125,-9.043593750000001,3.83203125,8220.9375
263073,-5.36484375,-11.18953125,4.13859375,8220.96875
263074,-4.75171875,-10.7296875,4.291875,8221.0
263075,-4.291875,-11.649375000000001,3.9853125,8221.03125
263076,-4.291875,-12.569062500000001,3.67875,8221.0625
263077,-4.44515625,-13.182187500000001,2.60578125,8221.09375
263078,-3.67875,-9.96328125,1.839375,8221.125
263079,-3.5254687500000004,-8.737031250000001,1.37953125,8221.15625
263080,-3.5254687500000004,-9.043593750000001,0.7664062500000001,8221.1875
263081,-3.5254687500000004,-9.350156250000001,0.613125,8221.21875
263082,-3.0656250000000003,-10.57640625,0.3065625,8221.25
263083,-2.60578125,-8.430468750000001,0.613125,8221.28125
263084,-2.4525,-8.123906250000001,0.613125,8221.3125
263085,-2.4525,-7.51078125,0.7664062500000001,8221.34375
263086,-2.4525,-7.51078125,1.07296875,8221.375
263087,-2.1459375,-7.970625,1.37953125,8221.40625
263088,-1.5328125000000001,-8.430468750000001,1.839375,8221.4375
263089,-1.5328125000000001,-8.430468750000001,2.1459375,8221.46875
263090,-2.1459375,-9.196875,2.4525,8221.5
263091,-2.29921875,-10.1165625,2.60578125,8221.53125
263092,-2.29921875,-10.7296875,2.60578125,8221.5625
263093,-2.1459375,-10.88296875,2.9123437500000002,8221.59375
263094,-1.99265625,-11.80265625,2.60578125,8221.625
263095,-2.29921875,-11.3428125,1.99265625,8221.65625
263096,-2.7590625,-11.3428125,1.6860937500000002,8221.6875
263097,-3.83203125,-9.350156250000001,2.29921875,8221.71875
263098,-4.44515625,-8.8903125,2.9123437500000002,8221.75
263099,-4.291875,-9.043593750000001,2.9123437500000002,8221.78125
263100,-3.3721875000000003,-10.7296875,2.9123437500000002,8221.8125
263101,-2.60578125,-11.3428125,2.7590625,8221.84375
263102,-1.5328125000000001,-9.196875,2.4525,8221.875
263103,-2.1459375,-7.6640625,2.1459375,8221.90625
263104,-2.7590625,-7.050937500000001,1.99265625,8221.9375
263105,-3.5254687500000004,-7.3575,1.99265625,8221.96875
263106,-3.9853125,-7.6640625,2.1459375,8222.0
263107,-4.291875,-7.6640625,3.0656250000000003,8222.03125
263108,-4.44515625,-7.51078125,3.83203125,8222.0625
263109,-4.75171875,-8.2771875,3.9853125,8222.09375
263110,-4.905,-10.7296875,3.9853125,8222.125
263111,-4.291875,-11.3428125,3.9853125,8222.15625
263112,-3.2189062500000003,-11.3428125,4.13859375,8222.1875
263113,-3.0656250000000003,-12.72234375,3.67875,8222.21875
263114,-3.67875,-13.182187500000001,2.9123437500000002,8222.25
263115,-3.3721875000000003,-11.03625,2.1459375,8222.28125
263116,-3.3721875000000003,-9.196875,1.5328125000000001,8222.3125
263117,-3.2189062500000003,-9.350156250000001,0.7664062500000001,8222.34375
263118,-2.9123437500000002,-10.423125,0.45984375,8222.375
263119,-2.7590625,-11.03625,0.0,8222.40625
263120,-1.5328125000000001,-9.5034375,-1.5328125000000001,8222.4375
263121,-0.45984375,-8.2771875,0.3065625,8222.46875
263122,-3.2189062500000003,-6.744375000000001,1.07296875,8222.5
263123,-3.2189062500000003,-7.51078125,-0.3065625,8222.53125
263124,-3.3721875000000003,-7.3575,0.0,8222.5625
263125,-2.9123437500000002,-7.81734375,1.07296875,8222.59375
263126,-2.7590625,-8.123906250000001,1.5328125000000001,8222.625
263127,-2.60578125,-8.737031250000001,2.1459375,8222.65625
263128,-2.9123437500000002,-10.1165625,2.7590625,8222.6875
263129,-2.9123437500000002,-11.03625,2.7590625,8222.71875
263130,-2.60578125,-11.03625,2.7590625,8222.75
263131,-2.60578125,-10.57640625,3.0656250000000003,8222.78125
263132,-2.4525,-12.10921875,2.9123437500000002,8222.8125
263133,-3.2189062500000003,-11.649375000000001,2.7590625,8222.84375
263134,-3.3721875000000003,-10.88296875,2.60578125,8222.875
263135,-3.67875,-8.8903125,2.1459375,8222.90625
263136,-3.9853125,-8.737031250000001,2.29921875,8222.9375
263137,-3.83203125,-9.656718750000001,2.29921875,8222.96875
263138,-2.7590625,-11.18953125,2.60578125,8223.0
263139,-2.1459375,-9.656718750000001,2.60578125,8223.03125
263140,-1.6860937500000002,-7.81734375,1.839375,8223.0625
263141,-1.6860937500000002,-7.050937500000001,1.5328125000000001,8223.09375
263142,-2.7590625,-6.591093750000001,1.22625,8223.125
263143,-3.67875,-7.050937500000001,1.37953125,8223.15625
263144,-4.13859375,-7.51078125,1.5328125000000001,8223.1875
263145,-4.5984375,-7.6640625,2.1459375,8223.21875
263146,-4.5984375,-7.6640625,2.7590625,8223.25
263147,-4.905,-9.043593750000001,3.2189062500000003,8223.28125
263148,-4.905,-10.7296875,3.0656250000000003,8223.3125
263149,-4.5984375,-11.3428125,3.2189062500000003,8223.34375
263150,-4.291875,-12.10921875,3.5254687500000004,8223.375
263151,-3.9853125,-12.875625000000001,3.5254687500000004,8223.40625
263152,-4.291875,-13.488750000000001,2.7590625,8223.4375
263153,-3.67875,-10.57640625,1.99265625,8223.46875
263154,-3.2189062500000003,-9.196875,1.5328125000000001,8223.5
263155,-2.60578125,-9.350156250000001,0.613125,8223.53125
263156,-2.60578125,-9.81,0.7664062500000001,8223.5625
263157,-2.9123437500000002,-9.96328125,0.45984375,8223.59375
263158,-3.0656250000000003,-8.2771875,0.613125,8223.625
263159,-2.9123437500000002,-7.970625,0.7664062500000001,8223.65625
263160,-2.7590625,-7.970625,1.839375,8223.6875
263161,-1.99265625,-7.81734375,1.5328125000000001,8223.71875
263162,-1.37953125,-7.970625,1.37953125,8223.75
263163,-0.7664062500000001,-8.8903125,1.6860937500000002,8223.78125
263164,-1.22625,-8.2771875,2.1459375,8223.8125
263165,-1.839375,-9.350156250000001,2.4525,8223.84375
263166,-2.1459375,-10.7296875,2.1459375,8223.875
263167,-1.839375,-10.7296875,2.29921875,8223.90625
263168,-1.5328125000000001,-11.49609375,1.99265625,8223.9375
263169,-1.5328125000000001,-11.955937500000001,1.5328125000000001,8223.96875
263170,-2.1459375,-12.262500000000001,1.07296875,8224.0
263171,-3.67875,-11.3428125,1.22625,8224.03125
263172,-4.5984375,-9.656718750000001,1.839375,8224.0625
263173,-5.518125,-8.123906250000001,2.4525,8224.09375
263174,-5.2115625,-7.970625,2.29921875,8224.125
263175,-3.2189062500000003,-9.656718750000001,2.29921875,8224.15625
263176,-1.07296875,-9.96328125,2.4525,8224.1875
263177,-0.9196875,-9.350156250000001,2.4525,8224.21875
263178,-1.5328125000000001,-7.970625,2.29921875,8224.25
263179,-2.1459375,-7.204218750000001,2.1459375,8224.28125
263180,-3.67875,-7.050937500000001,2.29921875,8224.3125
263181,-4.291875,-7.970625,3.0656250000000003,8224.34375
263182,-3.9853125,-7.970625,3.5254687500000004,8224.375
263183,-3.67875,-7.970625,3.9853125,8224.40625
263184,-3.5254687500000004,-8.430468750000001,3.9853125,8224.4375
263185,-3.0656250000000003,-11.3428125,3.9853125,8224.46875
263186,-1.99265625,-11.955937500000001,4.44515625,8224.5
263187,-1.839375,-11.649375000000001,4.5984375,8224.53125
263188,-2.29921875,-12.262500000000001,3.9853125,8224.5625
263189,-2.9123437500000002,-12.569062500000001,3.3721875000000003,8224.59375
263190,-3.2189062500000003,-11.18953125,2.7590625,8224.625
263191,-2.60578125,-9.043593750000001,1.37953125,8224.65625
263192,-2.60578125,-8.58375,0.9196875,8224.6875
263193,-3.2189062500000003,-8.8903125,0.613125,8224.71875
263194,-3.5254687500000004,-9.5034375,0.45984375,8224.75
263195,-3.67875,-8.737031250000001,0.45984375,8224.78125
263196,-3.3721875000000003,-7.970625,0.7664062500000001,8224.8125
263197,-2.7590625,-7.51078125,1.07296875,8224.84375
263198,-2.60578125,-7.3575,1.22625,8224.875
263199,-2.4525,-7.6640625,1.37953125,8224.90625
263200,-1.99265625,-8.123906250000001,1.37953125,8224.9375
263201,-1.99265625,-8.58375,1.6860937500000002,8224.96875
263202,-2.1459375,-8.737031250000001,1.99265625,8225.0
263203,-2.4525,-9.96328125,2.29921875,8225.03125
263204,-2.29921875,-10.1165625,2.4525,8225.0625
263205,-2.1459375,-10.57640625,2.60578125,8225.09375
263206,-1.99265625,-11.955937500000001,2.29921875,8225.125
263207,-2.4525,-11.955937500000001,1.99265625,8225.15625
263208,-3.3721875000000003,-11.18953125,1.99265625,8225.1875
263209,-3.83203125,-10.1165625,2.29921875,8225.21875
263210,-4.44515625,-8.58375,3.0656250000000003,8225.25
263211,-4.44515625,-8.430468750000001,3.3721875000000003,8225.28125
263212,-2.7590625,-10.423125,3.5254687500000004,8225.3125
263213,-1.5328125000000001,-9.96328125,2.9123437500000002,8225.34375
263214,-1.22625,-9.350156250000001,2.60578125,8225.375
263215,-1.5328125000000001,-7.970625,2.29921875,8225.40625
263216,-1.6860937500000002,-7.204218750000001,2.29921875,8225.4375
263217,-2.9123437500000002,-7.3575,2.4525,8225.46875
263218,-3.83203125,-7.51078125,3.0656250000000003,8225.5
263219,-4.13859375,-7.3575,3.5254687500000004,8225.53125
263220,-3.9853125,-7.51078125,3.9853125,8225.5625
263221,-4.291875,-8.123906250000001,3.83203125,8225.59375
263222,-3.9853125,-10.57640625,3.83203125,8225.625
263223,-2.7590625,-11.18953125,4.13859375,8225.65625
263224,-2.9123437500000002,-11.49609375,4.13859375,8225.6875
263225,-3.0656250000000003,-13.488750000000001,3.5254687500000004,8225.71875
263226,-3.3721875000000003,-14.408437500000002,3.0656250000000003,8225.75
263227,-3.0656250000000003,-11.649375000000001,2.1459375,8225.78125
263228,-2.9123437500000002,-7.6640625,1.22625,8225.8125
263229,-3.0656250000000003,-7.81734375,0.7664062500000001,8225.84375
263230,-3.0656250000000003,-9.5034375,0.613125,8225.875
263231,-3.2189062500000003,-10.1165625,0.45984375,8225.90625
263232,-2.7590625,-9.5034375,0.613125,8225.9375
263233,-2.29921875,-8.2771875,1.07296875,8225.96875
263234,-2.1459375,-8.123906250000001,1.22625,8226.0
263235,-1.99265625,-7.6640625,1.5328125000000001,8226.03125
263236,-1.6860937500000002,-7.6640625,1.5328125000000001,8226.0625
263237,-1.37953125,-8.2771875,1.5328125000000001,8226.09375
263238,-1.6860937500000002,-8.430468750000001,2.1459375,8226.125
263239,-1.99265625,-8.8903125,2.4525,8226.15625
263240,-2.1459375,-9.96328125,2.60578125,8226.1875
263241,-1.839375,-10.57640625,2.7590625,8226.21875
263242,-1.6860937500000002,-10.423125,2.9123437500000002,8226.25
263243,-1.839375,-12.10921875,2.29921875,8226.28125
263244,-1.99265625,-11.80265625,2.1459375,8226.3125
263245,-3.0656250000000003,-11.955937500000001,2.1459375,8226.34375
263246,-3.5254687500000004,-10.7296875,2.4525,8226.375
263247,-4.44515625,-9.196875,3.0656250000000003,8226.40625
263248,-4.291875,-9.196875,3.2189062500000003,8226.4375
263249,-3.67875,-9.656718750000001,2.9123437500000002,8226.46875
263250,-1.839375,-11.18953125,2.4525,8226.5
263251,-0.45984375,-8.737031250000001,2.4525,8226.53125
263252,-0.613125,-8.123906250000001,2.29921875,8226.5625
263253,-1.839375,-7.050937500000001,1.839375,8226.59375
263254,-2.7590625,-7.204218750000001,1.99265625,8226.625
263255,-3.67875,-7.204218750000001,2.60578125,8226.65625
263256,-3.9853125,-7.050937500000001,2.9123437500000002,8226.6875
263257,-4.13859375,-7.3575,3.5254687500000004,8226.71875
263258,-4.5984375,-9.81,3.67875,8226.75
263259,-4.75171875,-10.423125,3.9853125,8226.78125
263260,-4.44515625,-11.49609375,4.13859375,8226.8125
263261,-3.83203125,-11.03625,3.9853125,8226.84375
263262,-3.0656250000000003,-13.182187500000001,3.83203125,8226.875
263263,-3.5254687500000004,-14.101875000000001,2.9123437500000002,8226.90625
263264,-3.0656250000000003,-13.02890625,2.60578125,8226.9375
263265,-2.7590625,-10.1165625,1.6860937500000002,8226.96875
263266,-3.3721875000000003,-10.88296875,1.07296875,8227.0
263267,-4.13859375,-12.262500000000001,0.15328125,8227.03125
263268,-3.83203125,-12.875625000000001,0.0,8227.0625
263269,-4.5984375,-11.3428125,0.613125,8227.09375
263270,-9.656718750000001,-10.423125,0.15328125,8227.125
263271,-11.18953125,-10.26984375,-0.15328125,8227.15625
263272,-11.955937500000001,-9.350156250000001,0.0,8227.1875
263273,-13.182187500000001,-7.050937500000001,-1.07296875,8227.21875
263274,-13.488750000000001,-5.9779687500000005,-1.07296875,8227.25
263275,-13.02890625,-3.5254687500000004,-0.7664062500000001,8227.28125
263276,-11.649375000000001,-2.60578125,-0.3065625,8227.3125
263277,-7.050937500000001,-0.9196875,-0.3065625,8227.34375
263278,-3.67875,1.99265625,-0.3065625,8227.375
263279,-2.60578125,3.3721875000000003,0.0,8227.40625
263280,-1.6860937500000002,5.05828125,0.7664062500000001,8227.4375
263281,-1.5328125000000001,5.518125,1.5328125000000001,8227.46875
263282,-1.07296875,5.518125,2.4525,8227.5
263283,-1.37953125,5.2115625,2.60578125,8227.53125
263284,-2.4525,5.2115625,2.7590625,8227.5625
263285,-3.67875,5.2115625,2.4525,8227.59375
263286,-4.291875,5.2115625,2.9123437500000002,8227.625
263287,-3.2189062500000003,6.284531250000001,3.3721875000000003,8227.65625
263288,-1.839375,7.81734375,3.3721875000000003,8227.6875
263289,-1.839375,7.81734375,3.0656250000000003,8227.71875
263290,-1.22625,7.81734375,2.4525,8227.75
263291,-1.07296875,7.6640625,2.29921875,8227.78125
263292,-0.613125,8.2771875,2.60578125,8227.8125
263293,-0.7664062500000001,8.58375,2.9123437500000002,8227.84375
263294,-1.22625,8.8903125,3.0656250000000003,8227.875
263295,-3.3721875000000003,9.96328125,2.7590625,8227.90625
263296,-4.291875,9.81,2.9123437500000002,8227.9375
263297,-3.3721875000000003,9.96328125,4.13859375,8227.96875
263298,-4.13859375,9.96328125,4.13859375,8228.0
263299,-3.67875,10.57640625,3.9853125,8228.03125
263300,-2.9123437500000002,11.3428125,2.7590625,8228.0625
263301,-2.29921875,11.18953125,1.99265625,8228.09375
263302,-1.5328125000000001,9.81,1.37953125,8228.125
263303,-1.07296875,8.737031250000001,0.45984375,8228.15625
263304,-0.7664062500000001,8.430468750000001,0.3065625,8228.1875
263305,0.0,8.430468750000001,1.99265625,8228.21875
263306,-0.9196875,8.123906250000001,2.7590625,8228.25
263307,-1.6860937500000002,7.6640625,3.83203125,8228.28125
263308,-1.07296875,6.591093750000001,3.3721875000000003,8228.3125
263309,-1.37953125,6.744375000000001,2.29921875,8228.34375
263310,-2.60578125,6.591093750000001,1.37953125,8228.375
263311,-2.4525,7.3575,1.839375,8228.40625
263312,-1.37953125,8.8903125,3.0656250000000003,8228.4375
263313,-0.9196875,9.656718750000001,3.5254687500000004,8228.46875
263314,-1.07296875,9.96328125,3.67875,8228.5
263315,-0.7664062500000001,11.18953125,3.5254687500000004,8228.53125
263316,-0.613125,11.649375000000001,3.9853125,8228.5625
263317,-0.7664062500000001,11.03625,4.5984375,8228.59375
263318,-0.613125,11.03625,3.9853125,8228.625
263319,-0.613125,10.423125,3.67875,8228.65625
263320,-2.9123437500000002,8.430468750000001,3.5254687500000004,8228.6875
263321,-3.5254687500000004,7.3575,3.9853125,8228.71875
263322,-1.6860937500000002,7.81734375,4.5984375,8228.75
263323,-1.5328125000000001,7.970625,3.2189062500000003,8228.78125
263324,-1.5328125000000001,7.970625,2.7590625,8228.8125
263325,-0.613125,6.591093750000001,1.99265625,8228.84375
263326,-0.45984375,5.36484375,2.60578125,8228.875
263327,-0.45984375,5.2115625,3.3721875000000003,8228.90625
263328,1.22625,5.36484375,3.0656250000000003,8228.9375
263329,1.5328125000000001,6.1312500000000005,2.4525,8228.96875
263330,0.0,7.51078125,2.1459375,8229.0
263331,-2.9123437500000002,8.2771875,2.9123437500000002,8229.03125
263332,-4.75171875,7.970625,3.5254687500000004,8229.0625
263333,-5.518125,8.2771875,3.5254687500000004,8229.09375
263334,-6.437812500000001,7.970625,3.2189062500000003,8229.125
263335,-7.51078125,8.737031250000001,2.1459375,8229.15625
263336,-8.2771875,8.430468750000001,1.37953125,8229.1875
263337,-7.970625,8.123906250000001,1.22625,8229.21875
263338,-7.81734375,7.050937500000001,0.7664062500000001,8229.25
263339,-7.970625,6.897656250000001,0.613125,8229.28125
263340,-8.123906250000001,5.518125,1.07296875,8229.3125
263341,-6.1312500000000005,3.9853125,0.9196875,8229.34375
263342,-5.9779687500000005,3.3721875000000003,0.9196875,8229.375
263343,-7.3575,2.1459375,1.839375,8229.40625
263344,-8.123906250000001,1.5328125000000001,1.99265625,8229.4375
263345,-6.591093750000001,1.07296875,1.6860937500000002,8229.46875
263346,-9.5034375,0.0,1.6860937500000002,8229.5
263347,-9.656718750000001,-0.613125,2.9123437500000002,8229.53125
263348,-7.970625,-3.2189062500000003,3.83203125,8229.5625
263349,-10.26984375,-5.05828125,3.9853125,8229.59375
263350,-12.569062500000001,-4.5984375,3.83203125,8229.625
263351,-8.737031250000001,-3.67875,3.9853125,8229.65625
263352,-7.51078125,-3.83203125,4.44515625,8229.6875
263353,-6.1312500000000005,-5.9779687500000005,4.5984375,8229.71875
263354,-5.8246875000000005,-6.897656250000001,4.13859375,8229.75
263355,-7.3575,-8.2771875,3.9853125,8229.78125
263356,-9.5034375,-8.58375,3.83203125,8229.8125
263357,-8.737031250000001,-8.58375,3.67875,8229.84375
263358,-6.744375000000001,-8.8903125,2.7590625,8229.875
263359,-6.284531250000001,-8.430468750000001,2.60578125,8229.90625
263360,-5.518125,-7.050937500000001,2.60578125,8229.9375
263361,-5.518125,-5.67140625,2.4525,8229.96875
263362,-5.67140625,-5.36484375,2.4525,8230.0
263363,-6.1312500000000005,-5.67140625,2.60578125,8230.03125
263364,-6.591093750000001,-6.1312500000000005,2.7590625,8230.0625
263365,-7.204218750000001,-6.591093750000001,3.0656250000000003,8230.09375
263366,-7.050937500000001,-7.51078125,2.9123437500000002,8230.125
263367,-7.204218750000001,-8.2771875,2.9123437500000002,8230.15625
263368,-6.744375000000001,-9.656718750000001,3.5254687500000004,8230.1875
263369,-6.437812500000001,-9.656718750000001,3.67875,8230.21875
263370,-6.744375000000001,-10.57640625,2.9123437500000002,8230.25
263371,-7.6640625,-11.3428125,1.99265625,8230.28125
263372,-7.81734375,-11.18953125,1.5328125000000001,8230.3125
263373,-6.284531250000001,-9.196875,1.22625,8230.34375
263374,-5.67140625,-8.58375,0.9196875,8230.375
263375,-5.05828125,-9.350156250000001,0.45984375,8230.40625
263376,-3.9853125,-10.423125,0.613125,8230.4375
263377,-4.44515625,-9.5034375,0.7664062500000001,8230.46875
263378,-3.67875,-8.2771875,1.07296875,8230.5
263379,-3.3721875000000003,-7.970625,1.22625,8230.53125
263380,-3.3721875000000003,-7.3575,1.5328125000000001,8230.5625
263381,-2.29921875,-8.8903125,1.99265625,8230.59375
263382,-2.4525,-8.58375,1.6860937500000002,8230.625
263383,-2.9123437500000002,-8.123906250000001,1.99265625,8230.65625
263384,-2.7590625,-8.2771875,2.29921875,8230.6875
263385,-2.60578125,-8.58375,2.7590625,8230.71875
263386,-2.29921875,-8.737031250000001,2.29921875,8230.75
263387,-2.1459375,-8.58375,1.99265625,8230.78125
263388,-0.9196875,-11.3428125,3.67875,8230.8125
263389,-1.6860937500000002,-11.955937500000001,3.83203125,8230.84375
263390,-3.5254687500000004,-11.3428125,3.0656250000000003,8230.875
263391,-4.75171875,-10.423125,3.3721875000000003,8230.90625
263392,-5.36484375,-9.656718750000001,4.291875,8230.9375
263393,-3.83203125,-8.58375,4.13859375,8230.96875
263394,-3.3721875000000003,-9.043593750000001,2.9123437500000002,8231.0
263395,-3.2189062500000003,-10.1165625,1.839375,8231.03125
263396,-2.7590625,-8.430468750000001,1.99265625,8231.0625
263397,-2.4525,-7.970625,1.99265625,8231.09375
263398,-3.0656250000000003,-6.897656250000001,1.5328125000000001,8231.125
263399,-3.83203125,-7.050937500000001,1.5328125000000001,8231.15625
263400,-4.75171875,-7.3575,1.99265625,8231.1875
263401,-6.1312500000000005,-7.3575,2.60578125,8231.21875
263402,-6.284531250000001,-7.204218750000001,2.9123437500000002,8231.25
263403,-5.9779687500000005,-8.737031250000001,2.9123437500000002,8231.28125
263404,-5.9779687500000005,-9.81,3.0656250000000003,8231.3125
263405,-4.905,-10.7296875,3.5254687500000004,8231.34375
263406,-5.2115625,-10.88296875,3.67875,8231.375
263407,-5.2115625,-12.10921875,3.2189062500000003,8231.40625
263408,-5.36484375,-12.41578125,2.29921875,8231.4375
263409,-4.905,-11.649375000000001,1.99265625,8231.46875
263410,-3.67875,-9.81,1.07296875,8231.5
263411,-3.2189062500000003,-9.96328125,0.9196875,8231.53125
263412,-3.3721875000000003,-10.26984375,0.7664062500000001,8231.5625
263413,-3.5254687500000004,-11.03625,0.45984375,8231.59375
263414,-3.5254687500000004,-10.26984375,0.45984375,8231.625
263415,-3.2189062500000003,-8.2771875,0.613125,8231.65625
263416,-2.9123437500000002,-7.6640625,0.613125,8231.6875
263417,-2.7590625,-7.3575,0.613125,8231.71875
263418,-2.60578125,-7.3575,1.07296875,8231.75
263419,-2.1459375,-7.81734375,1.22625,8231.78125
263420,-1.839375,-7.81734375,1.839375,8231.8125
263421,-1.839375,-8.430468750000001,2.29921875,8231.84375
263422,-2.1459375,-9.043593750000001,2.4525,8231.875
263423,-1.99265625,-9.656718750000001,2.7590625,8231.90625
263424,-1.6860937500000002,-9.656718750000001,2.9123437500000002,8231.9375
263425,-1.839375,-11.03625,3.0656250000000003,8231.96875
263426,-2.60578125,-12.10921875,2.60578125,8232.0
263427,-2.9123437500000002,-12.41578125,2.7590625,8232.03125
263428,-3.9853125,-11.18953125,3.3721875000000003,8232.0625
263429,-4.5984375,-10.423125,3.83203125,8232.09375
263430,-4.44515625,-9.196875,3.67875,8232.125
263431,-2.4525,-10.57640625,3.2189062500000003,8232.15625
263432,-1.5328125000000001,-9.656718750000001,3.2189062500000003,8232.1875
263433,-0.7664062500000001,-8.123906250000001,2.7590625,8232.21875
263434,-0.7664062500000001,-7.6640625,2.29921875,8232.25
263435,-1.37953125,-6.591093750000001,1.99265625,8232.28125
263436,-2.4525,-7.3575,1.6860937500000002,8232.3125
263437,-3.2189062500000003,-7.970625,1.99265625,8232.34375
263438,-4.291875,-8.123906250000001,3.2189062500000003,8232.375
263439,-4.75171875,-7.51078125,3.67875,8232.40625
263440,-5.518125,-7.6640625,4.291875,8232.4375
263441,-5.67140625,-10.26984375,3.83203125,8232.46875
263442,-5.2115625,-11.3428125,3.67875,8232.5
263443,-4.291875,-11.649375000000001,4.13859375,8232.53125
263444,-3.5254687500000004,-12.72234375,4.291875,8232.5625
263445,-3.5254687500000004,-13.64203125,3.83203125,8232.59375
263446,-3.3721875000000003,-11.03625,3.2189062500000003,8232.625
263447,-3.5254687500000004,-8.8903125,2.60578125,8232.65625
263448,-3.5254687500000004,-8.737031250000001,1.37953125,8232.6875
263449,-3.0656250000000003,-9.350156250000001,1.22625,8232.71875
263450,-2.60578125,-10.26984375,0.9196875,8232.75
263451,-2.9123437500000002,-9.043593750000001,1.22625,8232.78125
263452,-2.9123437500000002,-8.2771875,1.22625,8232.8125
263453,-2.4525,-7.81734375,1.07296875,8232.84375
263454,-2.1459375,-7.51078125,1.22625,8232.875
263455,-1.99265625,-7.6640625,1.22625,8232.90625
263456,-1.5328125000000001,-8.2771875,1.37953125,8232.9375
263457,-1.6860937500000002,-8.2771875,1.6860937500000002,8232.96875
263458,-1.839375,-9.196875,2.1459375,8233.0
263459,-1.839375,-10.1165625,2.29921875,8233.03125
263460,-1.99265625,-11.03625,2.7590625,8233.0625
263461,-2.1459375,-10.26984375,2.7590625,8233.09375
263462,-2.1459375,-11.03625,2.9123437500000002,8233.125
263463,-2.1459375,-10.88296875,2.7590625,8233.15625
263464,-2.1459375,-10.88296875,2.7590625,8233.1875
263465,-2.60578125,-9.196875,3.5254687500000004,8233.21875
263466,-2.9123437500000002,-9.043593750000001,4.13859375,8233.25
263467,-3.0656250000000003,-9.350156250000001,4.291875,8233.28125
263468,-2.1459375,-11.03625,4.13859375,8233.3125
263469,-1.5328125000000001,-10.26984375,3.83203125,8233.34375
263470,-0.613125,-8.123906250000001,2.4525,8233.375
263471,-1.37953125,-7.970625,1.839375,8233.40625
263472,-1.6860937500000002,-7.204218750000001,1.99265625,8233.4375
263473,-2.60578125,-7.6640625,1.839375,8233.46875
263474,-3.67875,-7.81734375,1.99265625,8233.5
263475,-4.44515625,-7.81734375,3.2189062500000003,8233.53125
263476,-5.36484375,-7.81734375,3.83203125,8233.5625
263477,-5.67140625,-8.2771875,3.9853125,8233.59375
263478,-5.9779687500000005,-10.57640625,3.67875,8233.625
263479,-5.518125,-11.80265625,3.83203125,8233.65625
263480,-4.75171875,-11.955937500000001,4.291875,8233.6875
263481,-3.9853125,-12.875625000000001,3.9853125,8233.71875
263482,-4.44515625,-13.488750000000001,3.3721875000000003,8233.75
263483,-3.9853125,-10.57640625,2.4525,8233.78125
263484,-3.9853125,-8.58375,1.6860937500000002,8233.8125
263485,-3.5254687500000004,-8.8903125,0.7664062500000001,8233.84375
263486,-2.9123437500000002,-10.26984375,0.45984375,8233.875
263487,-2.9123437500000002,-10.7296875,0.613125,8233.90625
263488,-2.9123437500000002,-9.196875,0.9196875,8233.9375
263489,-2.9123437500000002,-8.58375,0.9196875,8233.96875
263490,-2.29921875,-8.123906250000001,0.9196875,8234.0
263491,-2.1459375,-7.81734375,1.07296875,8234.03125
263492,-1.99265625,-7.81734375,1.07296875,8234.0625
263493,-1.5328125000000001,-8.430468750000001,1.5328125000000001,8234.09375
263494,-1.37953125,-8.430468750000001,1.839375,8234.125
263495,-1.6860937500000002,-8.737031250000001,2.29921875,8234.15625
263496,-1.99265625,-9.5034375,2.4525,8234.1875
263497,-1.99265625,-9.81,2.60578125,8234.21875
263498,-1.99265625,-9.96328125,3.2189062500000003,8234.25
263499,-2.29921875,-10.57640625,3.2189062500000003,8234.28125
263500,-2.29921875,-12.10921875,3.3721875000000003,8234.3125
263501,-3.2189062500000003,-11.49609375,4.13859375,8234.34375
263502,-3.3721875000000003,-10.57640625,4.44515625,8234.375
263503,-3.0656250000000003,-9.350156250000001,4.44515625,8234.40625
263504,-2.7590625,-9.043593750000001,4.13859375,8234.4375
263505,-1.99265625,-10.26984375,2.9123437500000002,8234.46875
263506,-1.07296875,-10.26984375,2.4525,8234.5
263507,-1.07296875,-8.8903125,2.60578125,8234.53125
263508,-1.07296875,-7.81734375,2.1459375,8234.5625
263509,-1.37953125,-7.050937500000001,2.1459375,8234.59375
263510,-2.4525,-6.897656250000001,1.99265625,8234.625
263511,-3.3721875000000003,-7.204218750000001,2.60578125,8234.65625
263512,-3.83203125,-7.050937500000001,2.9123437500000002,8234.6875
263513,-4.905,-7.204218750000001,3.3721875000000003,8234.71875
263514,-5.36484375,-7.51078125,3.2189062500000003,8234.75
263515,-5.67140625,-9.196875,3.0656250000000003,8234.78125
263516,-5.36484375,-11.03625,3.3721875000000003,8234.8125
263517,-4.75171875,-10.88296875,3.67875,8234.84375
263518,-4.13859375,-12.72234375,3.5254687500000004,8234.875
263519,-3.9853125,-13.02890625,3.5254687500000004,8234.90625
263520,-4.44515625,-12.41578125,2.9123437500000002,8234.9375
263521,-3.9853125,-10.57640625,1.839375,8234.96875
263522,-3.67875,-10.423125,1.5328125000000001,8235.0
263523,-2.9123437500000002,-10.26984375,1.37953125,8235.03125
263524,-2.7590625,-10.57640625,0.9196875,8235.0625
263525,-2.4525,-9.81,0.9196875,8235.09375
263526,-2.60578125,-7.6640625,1.22625,8235.125
263527,-2.4525,-7.51078125,1.37953125,8235.15625
263528,-2.29921875,-7.3575,1.22625,8235.1875
263529,-2.29921875,-7.3575,1.37953125,8235.21875
263530,-1.6860937500000002,-7.970625,1.6860937500000002,8235.25
263531,-1.99265625,-8.737031250000001,1.99265625,8235.28125
263532,-2.1459375,-8.737031250000001,2.1459375,8235.3125
263533,-1.37953125,-9.350156250000001,2.4525,8235.34375
263534,-1.22625,-9.96328125,2.7590625,8235.375
263535,-1.07296875,-10.423125,2.9123437500000002,8235.40625
263536,-1.5328125000000001,-11.03625,2.4525,8235.4375
263537,-1.6860937500000002,-11.3428125,2.29921875,8235.46875
263538,-2.4525,-12.10921875,1.99265625,8235.5
263539,-3.5254687500000004,-10.88296875,2.7590625,8235.53125
263540,-4.13859375,-9.96328125,2.9123437500000002,8235.5625
263541,-4.5984375,-9.81,2.9123437500000002,8235.59375
263542,-4.44515625,-10.26984375,2.7590625,8235.625
263543,-2.60578125,-10.57640625,2.60578125,8235.65625
263544,-1.37953125,-9.5034375,2.4525,8235.6875
263545,-0.15328125,-8.430468750000001,2.1459375,8235.71875
263546,-1.07296875,-7.51078125,1.839375,8235.75
263547,-1.99265625,-7.3575,1.839375,8235.78125
263548,-3.3721875000000003,-7.3575,2.7590625,8235.8125
263549,-3.67875,-7.3575,3.5254687500000004,8235.84375
263550,-3.67875,-7.3575,4.5984375,8235.875
263551,-6.284531250000001,-8.58375,3.67875,8235.90625
263552,-7.6640625,-9.196875,2.4525,8235.9375
263553,-8.2771875,-11.03625,1.839375,8235.96875
263554,-7.204218750000001,-11.18953125,2.4525,8236.0
263555,-5.67140625,-12.875625000000001,3.0656250000000003,8236.03125
263556,-4.905,-13.488750000000001,2.4525,8236.0625
263557,-4.905,-13.33546875,1.99265625,8236.09375
263558,-4.291875,-9.5034375,1.37953125,8236.125
263559,-3.67875,-8.8903125,1.07296875,8236.15625
263560,-2.9123437500000002,-9.196875,0.613125,8236.1875
263561,-2.7590625,-9.96328125,0.3065625,8236.21875
263562,-2.9123437500000002,-10.1165625,0.45984375,8236.25
263563,-3.0656250000000003,-9.043593750000001,0.9196875,8236.28125
263564,-2.60578125,-8.58375,1.07296875,8236.3125
263565,-1.839375,-8.123906250000001,1.37953125,8236.34375
263566,-1.5328125000000001,-7.6640625,1.6860937500000002,8236.375
263567,-1.07296875,-7.970625,1.6860937500000002,8236.40625
263568,-0.613125,-7.81734375,1.839375,8236.4375
263569,-0.7664062500000001,-7.970625,2.1459375,8236.46875
263570,-1.6860937500000002,-9.5034375,2.29921875,8236.5
263571,-2.29921875,-10.57640625,2.60578125,8236.53125
263572,-2.29921875,-10.423125,2.60578125,8236.5625
263573,-2.29921875,-10.7296875,2.9123437500000002,8236.59375
263574,-1.99265625,-11.49609375,2.9123437500000002,8236.625
263575,-1.99265625,-11.3428125,2.9123437500000002,8236.65625
263576,-2.29921875,-9.81,3.67875,8236.6875
263577,-2.4525,-9.043593750000001,3.9853125,8236.71875
263578,-2.60578125,-9.350156250000001,3.9853125,8236.75
263579,-2.4525,-10.26984375,3.83203125,8236.78125
263580,-2.1459375,-11.955937500000001,2.7590625,8236.8125
263581,-1.07296875,-9.5034375,1.839375,8236.84375
263582,-1.07296875,-8.8903125,1.6860937500000002,8236.875
263583,-1.22625,-7.6640625,1.6860937500000002,8236.90625
263584,-1.839375,-7.6640625,1.5328125000000001,8236.9375
263585,-3.0656250000000003,-7.970625,1.839375,8236.96875
263586,-3.9853125,-7.51078125,2.9123437500000002,8237.0
263587,-3.9853125,-6.897656250000001,3.67875,8237.03125
263588,-4.75171875,-7.970625,4.905,8237.0625
263589,-5.518125,-9.5034375,4.75171875,8237.09375
263590,-6.437812500000001,-11.49609375,3.83203125,8237.125
263591,-5.67140625,-11.49609375,3.9853125,8237.15625
263592,-4.5984375,-12.262500000000001,3.9853125,8237.1875
263593,-3.0656250000000003,-13.02890625,4.291875,8237.21875
263594,-3.0656250000000003,-13.182187500000001,3.9853125,8237.25
263595,-3.0656250000000003,-10.26984375,3.0656250000000003,8237.28125
263596,-3.0656250000000003,-10.1165625,1.22625,8237.3125
263597,-2.7590625,-10.57640625,0.9196875,8237.34375
263598,-2.7590625,-11.649375000000001,0.613125,8237.375
263599,-2.60578125,-11.955937500000001,0.7664062500000001,8237.40625
263600,-2.4525,-9.81,0.9196875,8237.4375
263601,-1.839375,-8.737031250000001,0.9196875,8237.46875
263602,-1.6860937500000002,-8.2771875,1.07296875,8237.5
263603,-2.1459375,-7.51078125,1.22625,8237.53125
263604,-2.1459375,-7.3575,1.37953125,8237.5625
263605,-1.839375,-7.51078125,1.5328125000000001,8237.59375
263606,-1.6860937500000002,-7.3575,1.99265625,8237.625
263607,-1.6860937500000002,-7.970625,2.29921875,8237.65625
263608,-1.5328125000000001,-9.350156250000001,2.7590625,8237.6875
263609,-1.5328125000000001,-9.656718750000001,3.0656250000000003,8237.71875
263610,-1.5328125000000001,-9.350156250000001,3.5254687500000004,8237.75
263611,-1.22625,-11.49609375,3.2189062500000003,8237.78125
263612,-1.37953125,-11.649375000000001,2.7590625,8237.8125
263613,-2.29921875,-12.262500000000001,2.9123437500000002,8237.84375
263614,-2.9123437500000002,-11.49609375,3.5254687500000004,8237.875
263615,-4.13859375,-10.26984375,4.291875,8237.90625
263616,-3.83203125,-10.57640625,4.291875,8237.9375
263617,-3.83203125,-11.03625,4.13859375,8237.96875
263618,-1.5328125000000001,-10.57640625,3.3721875000000003,8238.0
263619,-0.9196875,-9.196875,2.9123437500000002,8238.03125
263620,-0.9196875,-7.970625,2.1459375,8238.0625
263621,-2.29921875,-7.204218750000001,1.99265625,8238.09375
263622,-3.2189062500000003,-7.204218750000001,2.1459375,8238.125
263623,-4.905,-7.51078125,2.7590625,8238.15625
263624,-6.284531250000001,-7.3575,2.9123437500000002,8238.1875
263625,-7.6640625,-6.897656250000001,2.29921875,8238.21875
263626,-7.81734375,-8.8903125,1.5328125000000001,8238.25
263627,-7.204218750000001,-9.81,1.5328125000000001,8238.28125
263628,-5.8246875000000005,-10.88296875,2.1459375,8238.3125
263629,-5.67140625,-11.49609375,2.60578125,8238.34375
263630,-5.2115625,-13.182187500000001,2.1459375,8238.375
263631,-5.2115625,-13.488750000000001,1.37953125,8238.40625
263632,-4.75171875,-12.10921875,1.07296875,8238.4375
263633,-3.9853125,-10.57640625,0.0,8238.46875
263634,-3.5254687500000004,-11.18953125,0.0,8238.5
263635,-2.9123437500000002,-11.49609375,-0.45984375,8238.53125
263636,-2.29921875,-11.03625,0.3065625,8238.5625
263637,-2.29921875,-9.96328125,0.3065625,8238.59375
263638,-1.839375,-8.58375,0.3065625,8238.625
263639,-1.6860937500000002,-8.2771875,0.613125,8238.65625
263640,-2.1459375,-7.6640625,1.07296875,8238.6875
263641,-1.6860937500000002,-7.3575,1.37953125,8238.71875
263642,-1.37953125,-7.3575,1.5328125000000001,8238.75
263643,-0.9196875,-7.204218750000001,2.29921875,8238.78125
263644,-1.07296875,-7.6640625,2.7590625,8238.8125
263645,-0.7664062500000001,-8.430468750000001,3.0656250000000003,8238.84375
263646,-0.613125,-9.350156250000001,3.5254687500000004,8238.875
263647,-1.22625,-9.656718750000001,3.67875,8238.90625
263648,-2.1459375,-12.569062500000001,3.5254687500000004,8238.9375
263649,-2.7590625,-13.33546875,3.0656250000000003,8238.96875
263650,-4.13859375,-12.569062500000001,2.9123437500000002,8239.0
263651,-5.36484375,-9.96328125,3.5254687500000004,8239.03125
263652,-5.05828125,-9.350156250000001,3.5254687500000004,8239.0625
263653,-4.13859375,-9.350156250000001,2.60578125,8239.09375
263654,-3.83203125,-9.96328125,2.4525,8239.125
263655,-2.4525,-10.57640625,2.9123437500000002,8239.15625
263656,-2.29921875,-8.58375,2.7590625,8239.1875
263657,-2.1459375,-8.123906250000001,2.4525,8239.21875
263658,-3.0656250000000003,-6.744375000000001,1.99265625,8239.25
263659,-2.9123437500000002,-6.437812500000001,2.1459375,8239.28125
263660,-3.3721875000000003,-6.437812500000001,2.7590625,8239.3125
263661,-4.13859375,-6.591093750000001,3.67875,8239.34375
263662,-4.44515625,-7.050937500000001,3.83203125,8239.375
263663,-4.905,-9.043593750000001,3.3721875000000003,8239.40625
263664,-5.36484375,-10.26984375,3.0656250000000003,8239.4375
263665,-5.67140625,-11.649375000000001,3.0656250000000003,8239.46875
263666,-5.518125,-12.72234375,3.0656250000000003,8239.5
263667,-5.518125,-13.182187500000001,2.9123437500000002,8239.53125
263668,-5.36484375,-13.64203125,1.99265625,8239.5625
263669,-4.905,-11.80265625,1.6860937500000002,8239.59375
263670,-3.2189062500000003,-8.8903125,1.22625,8239.625
263671,-2.9123437500000002,-8.737031250000001,0.9196875,8239.65625
263672,-3.2189062500000003,-9.043593750000001,0.7664062500000001,8239.6875
263673,-2.60578125,-9.043593750000001,0.45984375,8239.71875
263674,-2.9123437500000002,-8.2771875,0.613125,8239.75
263675,-2.9123437500000002,-7.6640625,1.07296875,8239.78125
263676,-2.9123437500000002,-7.81734375,1.07296875,8239.8125
263677,-2.60578125,-7.6640625,1.22625,8239.84375
263678,-1.99265625,-7.970625,1.22625,8239.875
263679,-1.6860937500000002,-8.123906250000001,1.37953125,8239.90625
263680,-1.37953125,-8.737031250000001,2.29921875,8239.9375
263681,-1.5328125000000001,-10.1165625,2.9123437500000002,8239.96875
263682,-1.6860937500000002,-10.57640625,2.9123437500000002,8240.0
263683,-1.37953125,-10.7296875,2.9123437500000002,8240.03125
263684,-1.37953125,-10.26984375,2.9123437500000002,8240.0625
263685,-1.6860937500000002,-11.49609375,2.4525,8240.09375
263686,-2.1459375,-11.3428125,1.99265625,8240.125
263687,-2.4525,-11.3428125,1.99265625,8240.15625
263688,-3.3721875000000003,-9.656718750000001,2.7590625,8240.1875
263689,-3.83203125,-9.350156250000001,3.2189062500000003,8240.21875
263690,-4.291875,-9.96328125,3.2189062500000003,8240.25
263691,-2.9123437500000002,-11.18953125,2.60578125,8240.28125
263692,-2.29921875,-10.1165625,2.4525,8240.3125
263693,-1.5328125000000001,-8.58375,2.29921875,8240.34375
263694,-1.5328125000000001,-8.123906250000001,2.1459375,8240.375
263695,-2.4525,-7.050937500000001,2.1459375,8240.40625
263696,-3.5254687500000004,-7.050937500000001,2.7590625,8240.4375
263697,-3.5254687500000004,-7.050937500000001,3.2189062500000003,8240.46875
263698,-3.5254687500000004,-6.897656250000001,4.291875,8240.5
263699,-3.9853125,-7.970625,4.5984375,8240.53125
263700,-4.5984375,-9.196875,4.291875,8240.5625
263701,-5.518125,-11.3428125,3.9853125,8240.59375
263702,-5.36484375,-11.3428125,3.9853125,8240.625
263703,-5.05828125,-12.262500000000001,3.5254687500000004,8240.65625
263704,-4.75171875,-13.02890625,3.3721875000000003,8240.6875
263705,-4.291875,-12.569062500000001,2.60578125,8240.71875
263706,-3.3721875000000003,-9.96328125,1.839375,8240.75
263707,-3.0656250000000003,-9.81,1.5328125000000001,8240.78125
263708,-2.60578125,-10.1165625,1.07296875,8240.8125
263709,-2.7590625,-10.7296875,0.9196875,8240.84375
263710,-2.60578125,-10.88296875,0.9196875,8240.875
263711,-2.29921875,-8.430468750000001,0.9196875,8240.90625
263712,-2.1459375,-7.3575,1.07296875,8240.9375
263713,-2.29921875,-7.050937500000001,1.5328125000000001,8240.96875
263714,-2.29921875,-7.050937500000001,1.5328125000000001,8241.0
263715,-1.6860937500000002,-7.6640625,1.6860937500000002,8241.03125
263716,-1.07296875,-7.81734375,1.99265625,8241.0625
263717,-1.22625,-7.970625,2.60578125,8241.09375
263718,-1.37953125,-8.737031250000001,2.9123437500000002,8241.125
263719,-1.37953125,-9.196875,3.0656250000000003,8241.15625
263720,-1.5328125000000001,-10.57640625,3.2189062500000003,8241.1875
263721,-1.839375,-10.7296875,3.3721875000000003,8241.21875
263722,-1.99265625,-12.10921875,3.0656250000000003,8241.25
263723,-2.4525,-12.569062500000001,2.4525,8241.28125
263724,-2.7590625,-12.262500000000001,2.29921875,8241.3125
263725,-3.83203125,-9.96328125,2.7590625,8241.34375
263726,-4.44515625,-9.043593750000001,3.2189062500000003,8241.375
263727,-4.13859375,-9.196875,3.2189062500000003,8241.40625
263728,-2.60578125,-11.18953125,3.0656250000000003,8241.4375
263729,-1.99265625,-10.57640625,3.2189062500000003,8241.46875
263730,-1.6860937500000002,-8.123906250000001,2.7590625,8241.5
263731,-1.6860937500000002,-7.204218750000001,2.4525,8241.53125
263732,-2.1459375,-6.744375000000001,2.29921875,8241.5625
263733,-2.9123437500000002,-6.897656250000001,2.60578125,8241.59375
263734,-3.0656250000000003,-7.204218750000001,3.0656250000000003,8241.625
263735,-3.9853125,-7.51078125,3.83203125,8241.65625
263736,-4.75171875,-7.81734375,4.13859375,8241.6875
263737,-4.75171875,-8.58375,3.9853125,8241.71875
263738,-4.905,-10.57640625,3.3721875000000003,8241.75
263739,-5.05828125,-11.18953125,3.3721875000000003,8241.78125
263740,-5.36484375,-11.18953125,3.3721875000000003,8241.8125
263741,-5.05828125,-13.182187500000001,2.4525,8241.84375
263742,-5.36484375,-13.64203125,1.99265625,8241.875
263743,-4.905,-10.7296875,1.5328125000000001,8241.90625
263744,-4.291875,-9.5034375,1.22625,8241.9375
263745,-3.2189062500000003,-9.96328125,0.7664062500000001,8241.96875
263746,-2.9123437500000002,-10.1165625,0.3065625,8242.0
263747,-2.9123437500000002,-10.7296875,0.7664062500000001,8242.03125
263748,-2.60578125,-8.58375,0.45984375,8242.0625
263749,-2.4525,-8.123906250000001,0.7664062500000001,8242.09375
263750,-2.29921875,-7.970625,1.37953125,8242.125
263751,-1.99265625,-7.970625,1.839375,8242.15625
263752,-1.5328125000000001,-8.2771875,1.6860937500000002,8242.1875
263753,-1.5328125000000001,-8.58375,1.99265625,8242.21875
263754,-1.22625,-8.430468750000001,2.4525,8242.25
263755,-1.07296875,-8.737031250000001,2.9123437500000002,8242.28125
263756,-1.22625,-9.656718750000001,3.2189062500000003,8242.3125
263757,-1.37953125,-9.81,3.2189062500000003,8242.34375
263758,-1.5328125000000001,-10.26984375,3.0656250000000003,8242.375
263759,-1.37953125,-11.49609375,2.60578125,8242.40625
263760,-1.6860937500000002,-11.955937500000001,1.99265625,8242.4375
263761,-2.9123437500000002,-11.955937500000001,2.1459375,8242.46875
263762,-3.67875,-10.88296875,2.60578125,8242.5
263763,-4.75171875,-9.656718750000001,2.9123437500000002,8242.53125
263764,-4.75171875,-9.5034375,3.0656250000000003,8242.5625
263765,-3.2189062500000003,-10.57640625,2.7590625,8242.59375
263766,-1.07296875,-9.350156250000001,2.4525,8242.625
263767,-0.45984375,-8.737031250000001,2.29921875,8242.65625
263768,-0.613125,-8.2771875,1.6860937500000002,8242.6875
263769,-1.22625,-7.51078125,1.5328125000000001,8242.71875
263770,-2.7590625,-7.204218750000001,1.5328125000000001,8242.75
263771,-3.67875,-7.050937500000001,2.60578125,8242.78125
263772,-3.83203125,-7.050937500000001,3.5254687500000004,8242.8125
263773,-4.75171875,-6.897656250000001,4.905,8242.84375
263774,-4.905,-7.6640625,5.36484375,8242.875
263775,-5.36484375,-10.7296875,4.44515625,8242.90625
263776,-5.9779687500000005,-11.49609375,3.5254687500000004,8242.9375
263777,-5.8246875000000005,-11.3428125,3.67875,8242.96875
263778,-4.75171875,-13.02890625,3.83203125,8243.0
263779,-4.905,-13.182187500000001,3.67875,8243.03125
263780,-4.5984375,-11.3428125,2.9123437500000002,8243.0625
263781,-4.291875,-10.26984375,1.37953125,8243.09375
263782,-3.9853125,-10.423125,0.9196875,8243.125
263783,-3.5254687500000004,-11.3428125,0.45984375,8243.15625
263784,-3.2189062500000003,-11.649375000000001,0.45984375,8243.1875
263785,-3.0656250000000003,-9.196875,0.7664062500000001,8243.21875
263786,-2.60578125,-8.123906250000001,1.07296875,8243.25
263787,-2.1459375,-7.51078125,1.22625,8243.28125
263788,-2.1459375,-7.3575,1.22625,8243.3125
263789,-1.99265625,-7.6640625,1.37953125,8243.34375
263790,-1.6860937500000002,-8.123906250000001,1.6860937500000002,8243.375
263791,-1.6860937500000002,-8.430468750000001,2.29921875,8243.40625
263792,-1.6860937500000002,-8.8903125,2.60578125,8243.4375
263793,-1.07296875,-9.96328125,3.0656250000000003,8243.46875
263794,-0.9196875,-9.656718750000001,3.2189062500000003,8243.5
263795,-0.7664062500000001,-9.81,3.2189062500000003,8243.53125
263796,-1.37953125,-11.03625,2.9123437500000002,8243.5625
263797,-1.839375,-11.3428125,2.7590625,8243.59375
263798,-3.0656250000000003,-10.57640625,3.9853125,8243.625
263799,-3.5254687500000004,-9.350156250000001,4.75171875,8243.65625
263800,-3.5254687500000004,-9.5034375,4.75171875,8243.6875
263801,-2.29921875,-11.49609375,3.67875,8243.71875
263802,-1.6860937500000002,-11.955937500000001,3.2189062500000003,8243.75
263803,-0.45984375,-9.350156250000001,2.4525,8243.78125
263804,-0.15328125,-8.737031250000001,2.1459375,8243.8125
263805,-0.3065625,-7.970625,2.29921875,8243.84375
263806,-1.37953125,-7.81734375,2.4525,8243.875
263807,-1.99265625,-8.123906250000001,2.7590625,8243.90625
263808,-3.83203125,-8.2771875,3.3721875000000003,8243.9375
263809,-4.75171875,-7.970625,3.67875,8243.96875
263810,-5.9779687500000005,-8.123906250000001,3.83203125,8244.0
263811,-7.204218750000001,-9.043593750000001,3.2189062500000003,8244.03125
263812,-7.204218750000001,-9.656718750000001,3.0656250000000003,8244.0625
263813,-6.284531250000001,-10.1165625,3.5254687500000004,8244.09375
263814,-5.8246875000000005,-10.7296875,3.67875,8244.125
263815,-4.13859375,-13.02890625,3.5254687500000004,8244.15625
263816,-4.13859375,-11.955937500000001,2.9123437500000002,8244.1875
263817,-4.13859375,-10.423125,2.60578125,8244.21875
263818,-3.9853125,-10.423125,1.6860937500000002,8244.25
263819,-3.5254687500000004,-10.7296875,1.37953125,8244.28125
263820,-2.7590625,-12.10921875,1.07296875,8244.3125
263821,-2.4525,-10.88296875,1.22625,8244.34375
263822,-2.29921875,-9.5034375,1.5328125000000001,8244.375
263823,-1.839375,-8.2771875,1.5328125000000001,8244.40625
263824,-1.6860937500000002,-7.970625,1.5328125000000001,8244.4375
263825,-1.6860937500000002,-7.970625,1.5328125000000001,8244.46875
263826,-1.5328125000000001,-8.2771875,1.6860937500000002,8244.5
263827,-1.5328125000000001,-8.430468750000001,1.6860937500000002,8244.53125
263828,-1.6860937500000002,-8.123906250000001,2.1459375,8244.5625
263829,-1.6860937500000002,-8.430468750000001,2.4525,8244.59375
263830,-1.37953125,-9.196875,2.7590625,8244.625
263831,-0.9196875,-9.350156250000001,2.9123437500000002,8244.65625
263832,-0.7664062500000001,-9.196875,2.9123437500000002,8244.6875
263833,-1.37953125,-10.7296875,2.7590625,8244.71875
263834,-1.839375,-11.03625,2.4525,8244.75
263835,-3.0656250000000003,-11.80265625,2.4525,8244.78125
263836,-4.5984375,-10.7296875,3.67875,8244.8125
263837,-5.05828125,-10.57640625,3.9853125,8244.84375
263838,-4.905,-11.03625,3.5254687500000004,8244.875
263839,-4.291875,-11.649375000000001,3.2189062500000003,8244.90625
263840,-1.37953125,-9.81,3.5254687500000004,8244.9375
263841,0.7664062500000001,-8.430468750000001,3.2189062500000003,8244.96875
263842,0.613125,-7.81734375,3.0656250000000003,8245.0
263843,-0.15328125,-7.3575,2.9123437500000002,8245.03125
263844,-0.7664062500000001,-7.3575,3.3721875000000003,8245.0625
263845,-3.67875,-7.81734375,3.83203125,8245.09375
263846,-6.1312500000000005,-7.51078125,3.83203125,8245.125
263847,-6.591093750000001,-7.3575,3.83203125,8245.15625
263848,-6.284531250000001,-8.58375,3.5254687500000004,8245.1875
263849,-5.518125,-9.81,3.3721875000000003,8245.21875
263850,-4.13859375,-11.3428125,3.67875,8245.25
263851,-3.5254687500000004,-11.649375000000001,3.67875,8245.28125
263852,-3.0656250000000003,-12.41578125,3.3721875000000003,8245.3125
263853,-4.13859375,-13.02890625,2.7590625,8245.34375
263854,-4.291875,-12.569062500000001,2.4525,8245.375
263855,-4.291875,-9.96328125,1.07296875,8245.40625
263856,-3.67875,-10.423125,0.15328125,8245.4375
263857,-3.67875,-10.7296875,-0.3065625,8245.46875
263858,-2.9123437500000002,-11.3428125,0.15328125,8245.5
263859,-2.29921875,-9.196875,0.45984375,8245.53125
263860,-2.4525,-8.8903125,0.7664062500000001,8245.5625
263861,-2.4525,-8.737031250000001,1.22625,8245.59375
263862,-2.1459375,-8.430468750000001,1.22625,8245.625
263863,-1.5328125000000001,-8.123906250000001,1.37953125,8245.65625
263864,-1.22625,-7.81734375,1.5328125000000001,8245.6875
263865,-0.613125,-7.204218750000001,2.1459375,8245.71875
263866,-0.7664062500000001,-7.51078125,2.60578125,8245.75
263867,-0.7664062500000001,-7.970625,2.7590625,8245.78125
263868,-1.6860937500000002,-8.8903125,3.0656250000000003,8245.8125
263869,-2.4525,-9.5034375,3.2189062500000003,8245.84375
263870,-3.3721875000000003,-12.10921875,2.9123437500000002,8245.875
263871,-4.44515625,-13.33546875,2.29921875,8245.90625
263872,-4.75171875,-12.875625000000001,2.29921875,8245.9375
263873,-5.05828125,-10.57640625,2.9123437500000002,8245.96875
263874,-4.905,-9.5034375,3.2189062500000003,8246.0
263875,-4.13859375,-8.8903125,3.2189062500000003,8246.03125
263876,-2.9123437500000002,-10.26984375,3.3721875000000003,8246.0625
263877,-2.29921875,-9.96328125,3.3721875000000003,8246.09375
263878,-2.1459375,-7.970625,3.2189062500000003,8246.125
263879,-1.99265625,-7.51078125,3.2189062500000003,8246.15625
263880,-3.0656250000000003,-6.591093750000001,2.7590625,8246.1875
263881,-3.9853125,-7.050937500000001,2.7590625,8246.21875
263882,-4.75171875,-7.51078125,2.7590625,8246.25
263883,-5.36484375,-7.6640625,3.2189062500000003,8246.28125
263884,-5.36484375,-7.51078125,3.3721875000000003,8246.3125
263885,-5.2115625,-8.2771875,3.3721875000000003,8246.34375
263886,-4.44515625,-11.03625,2.4525,8246.375
263887,-1.99265625,-15.0215625,1.22625,8246.40625
263888,-3.9853125,-9.043593750000001,0.15328125,8246.4375
263889,-8.2771875,-7.3575,0.0,8246.46875
263890,-9.196875,-12.875625000000001,3.0656250000000003,8246.5
263891,-0.15328125,-19.62,-1.22625,8246.53125
263892,19.466718750000002,-11.649375000000001,1.22625,8246.5625
263893,-0.3065625,-6.284531250000001,0.15328125,8246.59375
263894,-4.44515625,-8.58375,0.0,8246.625
263895,-1.839375,-8.430468750000001,-1.07296875,8246.65625
263896,-1.37953125,-7.51078125,0.7664062500000001,8246.6875
263897,-0.613125,-8.737031250000001,0.7664062500000001,8246.71875
263898,-2.9123437500000002,-9.96328125,0.3065625,8246.75
263899,-3.9853125,-9.656718750000001,0.15328125,8246.78125
263900,-5.2115625,-9.81,0.0,8246.8125
263901,-3.3721875000000003,-9.656718750000001,0.3065625,8246.84375
263902,-2.60578125,-9.5034375,0.3065625,8246.875
263903,-2.7590625,-9.81,0.3065625,8246.90625
263904,-1.839375,-8.737031250000001,0.45984375,8246.9375
263905,-2.60578125,-11.3428125,-0.15328125,8246.96875
263906,-4.44515625,-12.72234375,-0.613125,8247.0
263907,-4.905,-13.795312500000001,-0.3065625,8247.03125
263908,-4.44515625,-12.72234375,-0.3065625,8247.0625
263909,-4.44515625,-11.18953125,-0.15328125,8247.09375
263910,-3.67875,-8.8903125,1.5328125000000001,8247.125
263911,-2.29921875,-8.58375,2.7590625,8247.15625
263912,-1.5328125000000001,-9.96328125,2.7590625,8247.1875
263913,-0.613125,-10.423125,1.99265625,8247.21875
263914,-0.613125,-9.196875,1.6860937500000002,8247.25
263915,-0.7664062500000001,-8.8903125,1.6860937500000002,8247.28125
263916,-0.7664062500000001,-6.437812500000001,2.29921875,8247.3125
263917,-1.5328125000000001,-5.8246875000000005,2.29921875,8247.34375
263918,-3.5254687500000004,-5.8246875000000005,1.5328125000000001,8247.375
263919,-4.13859375,-6.1312500000000005,1.37953125,8247.40625
263920,-4.905,-6.744375000000001,1.22625,8247.4375
263921,-5.67140625,-8.2771875,1.37953125,8247.46875
263922,-5.9779687500000005,-9.350156250000001,1.5328125000000001,8247.5
263923,-5.518125,-10.88296875,1.839375,8247.53125
263924,-5.05828125,-11.955937500000001,1.99265625,8247.5625
263925,-4.13859375,-13.94859375,2.7590625,8247.59375
263926,-4.5984375,-13.795312500000001,3.2189062500000003,8247.625
263927,-3.9853125,-12.10921875,2.7590625,8247.65625
263928,-2.29921875,-8.2771875,1.37953125,8247.6875
263929,-1.22625,-7.6640625,1.5328125000000001,8247.71875
263930,-1.99265625,-9.196875,1.6860937500000002,8247.75
263931,-1.6860937500000002,-8.2771875,2.1459375,8247.78125
263932,-2.1459375,-7.204218750000001,1.99265625,8247.8125
263933,-2.9123437500000002,-6.284531250000001,1.5328125000000001,8247.84375
263934,-3.0656250000000003,-6.591093750000001,1.37953125,8247.875
263935,-2.9123437500000002,-6.897656250000001,1.5328125000000001,8247.90625
263936,-2.1459375,-8.123906250000001,1.5328125000000001,8247.9375
263937,-1.839375,-8.58375,1.839375,8247.96875
263938,-1.5328125000000001,-8.8903125,2.4525,8248.0
263939,-1.5328125000000001,-9.5034375,2.60578125,8248.03125
263940,-1.22625,-10.88296875,2.7590625,8248.0625
263941,-1.37953125,-11.649375000000001,2.60578125,8248.09375
263942,-1.5328125000000001,-12.262500000000001,2.29921875,8248.125
263943,-1.839375,-13.94859375,1.839375,8248.15625
263944,-2.60578125,-13.488750000000001,1.839375,8248.1875
263945,-3.5254687500000004,-10.7296875,2.1459375,8248.21875
263946,-4.905,-8.58375,3.2189062500000003,8248.25
263947,-4.75171875,-7.970625,3.2189062500000003,8248.28125
263948,-3.83203125,-9.196875,2.4525,8248.3125
263949,-2.7590625,-9.96328125,2.4525,8248.34375
263950,-2.29921875,-8.8903125,2.7590625,8248.375
263951,-2.1459375,-7.51078125,2.4525,8248.40625
263952,-2.7590625,-6.591093750000001,2.29921875,8248.4375
263953,-4.75171875,-6.591093750000001,1.839375,8248.46875
263954,-5.36484375,-6.897656250000001,1.839375,8248.5
263955,-5.518125,-6.897656250000001,2.1459375,8248.53125
263956,-5.2115625,-7.3575,2.60578125,8248.5625
263957,-4.905,-8.123906250000001,2.60578125,8248.59375
263958,-4.291875,-9.96328125,2.60578125,8248.625
263959,-3.67875,-10.88296875,2.7590625,8248.65625
263960,-2.4525,-10.88296875,3.5254687500000004,8248.6875
263961,-2.60578125,-13.182187500000001,3.2189062500000003,8248.71875
263962,-3.5254687500000004,-13.795312500000001,2.9123437500000002,8248.75
263963,-3.83203125,-11.649375000000001,2.4525,8248.78125
263964,-3.5254687500000004,-10.423125,1.6860937500000002,8248.8125
263965,-3.0656250000000003,-9.350156250000001,0.9196875,8248.84375
263966,-2.7590625,-9.96328125,0.7664062500000001,8248.875
263967,-2.4525,-10.26984375,0.9196875,8248.90625
263968,-2.29921875,-8.2771875,1.22625,8248.9375
263969,-2.4525,-7.51078125,1.07296875,8248.96875
263970,-2.60578125,-7.3575,0.9196875,8249.0
263971,-2.7590625,-7.050937500000001,1.22625,8249.03125
263972,-2.60578125,-7.204218750000001,1.22625,8249.0625
263973,-1.839375,-8.123906250000001,1.5328125000000001,8249.09375
263974,-1.5328125000000001,-8.123906250000001,1.6860937500000002,8249.125
263975,-1.07296875,-8.8903125,2.4525,8249.15625
263976,-0.9196875,-10.423125,3.0656250000000003,8249.1875
263977,-0.9196875,-11.18953125,3.0656250000000003,8249.21875
263978,-0.7664062500000001,-11.80265625,3.0656250000000003,8249.25
263979,-0.7664062500000001,-12.875625000000001,2.60578125,8249.28125
263980,-1.37953125,-12.72234375,1.99265625,8249.3125
263981,-2.9123437500000002,-11.955937500000001,1.99265625,8249.34375
263982,-3.67875,-10.423125,2.1459375,8249.375
263983,-5.05828125,-8.737031250000001,2.4525,8249.40625
263984,-4.905,-8.2771875,2.60578125,8249.4375
263985,-3.9853125,-9.043593750000001,2.4525,8249.46875
263986,-1.5328125000000001,-10.88296875,2.4525,8249.5
263987,-0.613125,-9.81,2.60578125,8249.53125
263988,-0.15328125,-8.2771875,2.60578125,8249.5625
263989,-0.7664062500000001,-7.3575,2.60578125,8249.59375
263990,-2.29921875,-7.050937500000001,2.7590625,8249.625
263991,-3.5254687500000004,-7.204218750000001,3.2189062500000003,8249.65625
263992,-3.9853125,-7.3575,3.3721875000000003,8249.6875
263993,-3.9853125,-6.897656250000001,3.9853125,8249.71875
263994,-4.13859375,-7.3575,3.9853125,8249.75
263995,-3.83203125,-9.656718750000001,3.67875,8249.78125
263996,-3.67875,-11.3428125,3.5254687500000004,8249.8125
263997,-3.67875,-11.3428125,3.5254687500000004,8249.84375
263998,-3.3721875000000003,-13.795312500000001,3.2189062500000003,8249.875
263999,-3.3721875000000003,-14.86828125,2.9123437500000002,8249.90625
264000,-3.3721875000000003,-13.488750000000001,2.29921875,8249.9375
264001,-2.7590625,-9.656718750000001,1.6860937500000002,8249.96875
264002,-2.9123437500000002,-9.043593750000001,0.613125,8250.0
264003,-2.7590625,-9.196875,0.3065625,8250.03125
264004,-2.7590625,-9.196875,0.0,8250.0625
264005,-3.0656250000000003,-8.8903125,0.7664062500000001,8250.09375
264006,-3.0656250000000003,-7.970625,1.37953125,8250.125
264007,-3.2189062500000003,-7.970625,1.37953125,8250.15625
264008,-3.0656250000000003,-8.123906250000001,1.37953125,8250.1875
264009,-2.7590625,-8.123906250000001,1.37953125,8250.21875
264010,-1.6860937500000002,-7.970625,1.6860937500000002,8250.25
264011,-0.613125,-8.123906250000001,2.4525,8250.28125
264012,-0.3065625,-8.2771875,3.0656250000000003,8250.3125
264013,-0.3065625,-9.043593750000001,3.3721875000000003,8250.34375
264014,-0.45984375,-9.81,3.3721875000000003,8250.375
264015,-0.9196875,-11.49609375,2.9123437500000002,8250.40625
264016,-1.07296875,-12.569062500000001,1.6860937500000002,8250.4375
264017,-1.37953125,-12.41578125,1.37953125,8250.46875
264018,-3.3721875000000003,-12.41578125,1.22625,8250.5
264019,-5.36484375,-10.57640625,1.5328125000000001,8250.53125
264020,-5.9779687500000005,-9.81,1.5328125000000001,8250.5625
264021,-5.67140625,-8.737031250000001,1.6860937500000002,8250.59375
264022,-4.905,-9.196875,1.839375,8250.625
264023,-1.99265625,-10.57640625,1.99265625,8250.65625
264024,-0.7664062500000001,-10.26984375,2.1459375,8250.6875
264025,0.0,-8.58375,2.29921875,8250.71875
264026,-1.6860937500000002,-7.3575,1.99265625,8250.75
264027,-2.9123437500000002,-7.51078125,2.1459375,8250.78125
264028,-5.05828125,-7.204218750000001,2.60578125,8250.8125
264029,-5.05828125,-7.204218750000001,3.2189062500000003,8250.84375
264030,-4.291875,-7.51078125,4.75171875,8250.875
264031,-2.1459375,-8.8903125,5.36484375,8250.90625
264032,-1.37953125,-9.656718750000001,5.05828125,8250.9375
264033,-0.9196875,-11.955937500000001,4.5984375,8250.96875
264034,-1.07296875,-12.569062500000001,4.291875,8251.0
264035,-1.99265625,-12.875625000000001,3.67875,8251.03125
264036,-2.7590625,-13.182187500000001,3.0656250000000003,8251.0625
264037,-3.2189062500000003,-13.33546875,2.4525,8251.09375
264038,-4.291875,-10.423125,0.7664062500000001,8251.125
264039,-4.75171875,-9.656718750000001,0.0,8251.15625
264040,-4.44515625,-8.2771875,-0.3065625,8251.1875
264041,-4.13859375,-9.5034375,-0.15328125,8251.21875
264042,-3.3721875000000003,-9.81,0.15328125,8251.25
264043,-3.3721875000000003,-8.8903125,0.613125,8251.28125
264044,-3.0656250000000003,-8.58375,0.9196875,8251.3125
264045,-2.60578125,-8.123906250000001,1.37953125,8251.34375
264046,-1.6860937500000002,-7.81734375,1.5328125000000001,8251.375
264047,-1.22625,-7.970625,1.6860937500000002,8251.40625
264048,-0.9196875,-7.970625,1.99265625,8251.4375
264049,-1.37953125,-9.043593750000001,2.1459375,8251.46875
264050,-1.839375,-9.5034375,2.1459375,8251.5
264051,-2.29921875,-10.1165625,2.1459375,8251.53125
264052,-2.29921875,-10.1165625,2.1459375,8251.5625
264053,-2.1459375,-10.7296875,2.1459375,8251.59375
264054,-2.1459375,-11.18953125,1.99265625,8251.625
264055,-3.0656250000000003,-11.80265625,2.29921875,8251.65625
264056,-4.13859375,-10.88296875,3.5254687500000004,8251.6875
264057,-4.44515625,-10.26984375,3.9853125,8251.71875
264058,-3.5254687500000004,-9.5034375,3.5254687500000004,8251.75
264059,-2.60578125,-9.5034375,3.2189062500000003,8251.78125
264060,-1.22625,-11.649375000000001,2.7590625,8251.8125
264061,0.15328125,-9.5034375,2.60578125,8251.84375
264062,0.0,-8.737031250000001,2.4525,8251.875
264063,-1.07296875,-7.6640625,1.839375,8251.90625
264064,-1.99265625,-7.3575,1.5328125000000001,8251.9375
264065,-4.291875,-7.6640625,1.839375,8251.96875
264066,-5.2115625,-7.6640625,3.0656250000000003,8252.0
264067,-5.05828125,-7.51078125,3.83203125,8252.03125
264068,-4.5984375,-8.123906250000001,4.905,8252.0625
264069,-4.44515625,-8.8903125,4.75171875,8252.09375
264070,-3.83203125,-10.7296875,3.83203125,8252.125
264071,-3.2189062500000003,-11.80265625,3.67875,8252.15625
264072,-2.4525,-12.569062500000001,3.67875,8252.1875
264073,-2.29921875,-13.94859375,3.2189062500000003,8252.21875
264074,-2.4525,-14.408437500000002,3.2189062500000003,8252.25
264075,-2.60578125,-11.18953125,2.9123437500000002,8252.28125
264076,-2.7590625,-9.96328125,1.99265625,8252.3125
264077,-2.60578125,-10.26984375,1.6860937500000002,8252.34375
264078,-2.4525,-10.7296875,1.37953125,8252.375
264079,-3.0656250000000003,-10.423125,1.07296875,8252.40625
264080,-2.60578125,-8.58375,0.9196875,8252.4375
264081,-2.29921875,-8.2771875,0.9196875,8252.46875
264082,-1.99265625,-7.970625,1.07296875,8252.5
264083,-1.5328125000000001,-7.6640625,1.37953125,8252.53125
264084,-1.37953125,-7.51078125,1.5328125000000001,8252.5625
264085,-0.613125,-7.3575,1.839375,8252.59375
264086,-0.7664062500000001,-7.6640625,2.4525,8252.625
264087,-0.9196875,-8.2771875,2.7590625,8252.65625
264088,-1.37953125,-9.96328125,2.9123437500000002,8252.6875
264089,-1.5328125000000001,-10.26984375,2.9123437500000002,8252.71875
264090,-1.6860937500000002,-10.423125,2.9123437500000002,8252.75
264091,-1.6860937500000002,-12.10921875,2.9123437500000002,8252.78125
264092,-1.99265625,-12.875625000000001,2.9123437500000002,8252.8125
264093,-2.7590625,-11.49609375,3.5254687500000004,8252.84375
264094,-3.2189062500000003,-10.26984375,3.9853125,8252.875
264095,-2.7590625,-9.656718750000001,3.9853125,8252.90625
264096,-2.1459375,-10.57640625,3.0656250000000003,8252.9375
264097,-1.5328125000000001,-11.649375000000001,2.9123437500000002,8252.96875
264098,-0.45984375,-9.81,2.60578125,8253.0
264099,-0.613125,-8.8903125,2.1459375,8253.03125
264100,-1.07296875,-7.51078125,1.6860937500000002,8253.0625
264101,-2.4525,-7.204218750000001,1.5328125000000001,8253.09375
264102,-3.3721875000000003,-7.204218750000001,1.6860937500000002,8253.125
264103,-4.13859375,-7.6640625,3.2189062500000003,8253.15625
264104,-3.9853125,-7.970625,3.9853125,8253.1875
264105,-4.75171875,-8.2771875,5.05828125,8253.21875
264106,-5.36484375,-9.043593750000001,4.44515625,8253.25
264107,-5.518125,-9.96328125,3.67875,8253.28125
264108,-5.36484375,-11.649375000000001,3.2189062500000003,8253.3125
264109,-5.05828125,-12.72234375,3.2189062500000003,8253.34375
264110,-3.9853125,-14.101875000000001,3.2189062500000003,8253.375
264111,-3.2189062500000003,-12.875625000000001,3.2189062500000003,8253.40625
264112,-2.9123437500000002,-10.423125,3.0656250000000003,8253.4375
264113,-2.9123437500000002,-8.737031250000001,1.839375,8253.46875
264114,-2.7590625,-9.5034375,1.37953125,8253.5
264115,-2.9123437500000002,-10.1165625,0.9196875,8253.53125
264116,-2.9123437500000002,-10.423125,0.7664062500000001,8253.5625
264117,-2.7590625,-9.5034375,0.9196875,8253.59375
264118,-2.4525,-8.8903125,1.22625,8253.625
264119,-2.1459375,-8.58375,1.37953125,8253.65625
264120,-1.6860937500000002,-7.970625,1.37953125,8253.6875
264121,-1.07296875,-7.970625,1.6860937500000002,8253.71875
264122,-0.9196875,-7.970625,1.839375,8253.75
264123,-1.07296875,-8.58375,2.29921875,8253.78125
264124,-1.22625,-9.043593750000001,2.4525,8253.8125
264125,-1.6860937500000002,-10.423125,2.9123437500000002,8253.84375
264126,-1.37953125,-9.81,2.9123437500000002,8253.875
264127,-1.07296875,-9.656718750000001,2.9123437500000002,8253.90625
264128,-1.22625,-10.88296875,2.7590625,8253.9375
264129,-1.5328125000000001,-11.03625,2.7590625,8253.96875
264130,-2.1459375,-10.26984375,3.0656250000000003,8254.0
264131,-2.9123437500000002,-9.656718750000001,3.9853125,8254.03125
264132,-2.9123437500000002,-9.96328125,4.291875,8254.0625
264133,-2.4525,-11.3428125,3.5254687500000004,8254.09375
264134,-1.839375,-12.10921875,3.3721875000000003,8254.125
264135,-1.07296875,-9.81,2.9123437500000002,8254.15625
264136,-1.07296875,-8.58375,2.60578125,8254.1875
264137,-1.37953125,-7.81734375,2.4525,8254.21875
264138,-2.1459375,-7.51078125,2.4525,8254.25
264139,-2.60578125,-7.81734375,2.7590625,8254.28125
264140,-3.83203125,-8.430468750000001,3.5254687500000004,8254.3125
264141,-5.8246875000000005,-7.970625,3.67875,8254.34375
264142,-6.591093750000001,-8.123906250000001,3.3721875000000003,8254.375
264143,-6.437812500000001,-9.350156250000001,3.2189062500000003,8254.40625
264144,-5.9779687500000005,-9.96328125,3.3721875000000003,8254.4375
264145,-4.5984375,-11.18953125,4.13859375,8254.46875
264146,-3.67875,-14.101875000000001,3.9853125,8254.5
264147,-3.83203125,-14.408437500000002,3.67875,8254.53125
264148,-3.3721875000000003,-13.33546875,3.0656250000000003,8254.5625
264149,-3.5254687500000004,-9.196875,0.7664062500000001,8254.59375
264150,-4.75171875,-9.5034375,-0.613125,8254.625
264151,-4.291875,-10.423125,-0.45984375,8254.65625
264152,-3.2189062500000003,-11.649375000000001,0.9196875,8254.6875
264153,-1.37953125,-11.03625,0.3065625,8254.71875
264154,-1.07296875,-9.196875,1.839375,8254.75
264155,-1.07296875,-9.5034375,1.839375,8254.78125
264156,-1.6860937500000002,-8.123906250000001,1.6860937500000002,8254.8125
264157,-1.37953125,-8.2771875,1.37953125,8254.84375
264158,-1.37953125,-8.123906250000001,1.5328125000000001,8254.875
264159,-1.37953125,-7.6640625,2.1459375,8254.90625
264160,-1.22625,-7.6640625,2.4525,8254.9375
264161,-0.7664062500000001,-7.6640625,2.60578125,8254.96875
264162,-0.7664062500000001,-7.81734375,2.60578125,8255.0
264163,-1.5328125000000001,-8.737031250000001,2.7590625,8255.03125
264164,-2.4525,-10.7296875,2.29921875,8255.0625
264165,-2.7590625,-11.80265625,2.4525,8255.09375
264166,-3.9853125,-12.41578125,2.7590625,8255.125
264167,-4.13859375,-11.80265625,3.3721875000000003,8255.15625
264168,-5.2115625,-10.26984375,3.5254687500000004,8255.1875
264169,-5.518125,-9.196875,2.9123437500000002,8255.21875
264170,-5.05828125,-9.350156250000001,3.0656250000000003,8255.25
264171,-1.99265625,-10.57640625,3.2189062500000003,8255.28125
264172,-1.07296875,-9.656718750000001,2.7590625,8255.3125
264173,-1.07296875,-7.81734375,2.4525,8255.34375
264174,-1.5328125000000001,-6.744375000000001,2.9123437500000002,8255.375
264175,-1.839375,-6.744375000000001,2.60578125,8255.40625
264176,-4.905,-7.3575,1.22625,8255.4375
264177,-5.9779687500000005,-7.81734375,1.5328125000000001,8255.46875
264178,-6.284531250000001,-7.6640625,2.1459375,8255.5
264179,-6.744375000000001,-8.2771875,1.5328125000000001,8255.53125
264180,-7.204218750000001,-9.350156250000001,1.37953125,8255.5625
264181,-5.9779687500000005,-11.03625,2.1459375,8255.59375
264182,-4.905,-10.88296875,2.4525,8255.625
264183,-4.905,-12.10921875,2.7590625,8255.65625
264184,-5.36484375,-12.875625000000001,1.99265625,8255.6875
264185,-6.1312500000000005,-12.41578125,1.07296875,8255.71875
264186,-5.518125,-10.7296875,-0.15328125,8255.75
264187,-5.518125,-11.3428125,-0.3065625,8255.78125
264188,-1.07296875,-8.430468750000001,0.15328125,8255.8125
264189,-2.29921875,-9.350156250000001,0.3065625,8255.84375
264190,-4.13859375,-12.10921875,-0.15328125,8255.875
264191,-2.7590625,-7.51078125,1.07296875,8255.90625
264192,-2.60578125,-7.204218750000001,1.07296875,8255.9375
264193,-3.83203125,-7.050937500000001,0.15328125,8255.96875
264194,-3.0656250000000003,-7.3575,0.15328125,8256.0
264195,-2.9123437500000002,-7.6640625,0.3065625,8256.03125
264196,-1.839375,-7.6640625,0.9196875,8256.0625
264197,-1.37953125,-7.51078125,1.37953125,8256.09375
264198,-1.37953125,-8.430468750000001,2.1459375,8256.125
264199,-1.22625,-10.423125,2.9123437500000002,8256.15625
264200,-1.22625,-11.03625,2.7590625,8256.1875
264201,-1.22625,-12.262500000000001,2.60578125,8256.21875
264202,-1.22625,-13.33546875,2.1459375,8256.25
264203,-2.1459375,-13.64203125,1.6860937500000002,8256.28125
264204,-3.67875,-11.649375000000001,2.1459375,8256.3125
264205,-4.44515625,-10.57640625,2.4525,8256.34375
264206,-4.75171875,-9.196875,2.29921875,8256.375
264207,-4.75171875,-9.043593750000001,2.1459375,8256.40625
264208,-3.0656250000000003,-10.423125,1.99265625,8256.4375
264209,-1.07296875,-9.5034375,2.1459375,8256.46875
264210,-0.7664062500000001,-8.58375,2.1459375,8256.5
264211,-0.9196875,-6.897656250000001,2.29921875,8256.53125
264212,-1.5328125000000001,-6.591093750000001,2.4525,8256.5625
264213,-3.0656250000000003,-7.3575,3.0656250000000003,8256.59375
264214,-3.67875,-7.6640625,3.83203125,8256.625
264215,-3.83203125,-7.6640625,4.13859375,8256.65625
264216,-3.83203125,-8.430468750000001,4.291875,8256.6875
264217,-3.83203125,-9.5034375,4.13859375,8256.71875
264218,-3.67875,-11.18953125,4.13859375,8256.75
264219,-2.7590625,-11.3428125,3.9853125,8256.78125
264220,-2.60578125,-12.41578125,3.9853125,8256.8125
264221,-2.9123437500000002,-13.795312500000001,3.5254687500000004,8256.84375
264222,-2.9123437500000002,-13.795312500000001,3.3721875000000003,8256.875
264223,-2.9123437500000002,-10.1165625,2.60578125,8256.90625
264224,-2.60578125,-9.196875,1.22625,8256.9375
264225,-2.60578125,-9.656718750000001,1.07296875,8256.96875
264226,-2.60578125,-10.423125,0.7664062500000001,8257.0
264227,-2.9123437500000002,-10.88296875,0.7664062500000001,8257.03125
264228,-2.60578125,-8.737031250000001,0.9196875,8257.0625
264229,-2.4525,-7.970625,1.37953125,8257.09375
264230,-2.29921875,-7.6640625,1.5328125000000001,8257.125
264231,-1.839375,-7.204218750000001,1.5328125000000001,8257.15625
264232,-1.22625,-7.3575,1.5328125000000001,8257.1875
264233,-0.613125,-7.81734375,1.6860937500000002,8257.21875
264234,-0.9196875,-8.58375,2.1459375,8257.25
264235,-1.22625,-9.5034375,2.4525,8257.28125
264236,-1.5328125000000001,-10.7296875,2.9123437500000002,8257.3125
264237,-1.6860937500000002,-10.88296875,2.9123437500000002,8257.34375
264238,-1.5328125000000001,-10.7296875,2.7590625,8257.375
264239,-1.5328125000000001,-12.262500000000001,2.29921875,8257.40625
264240,-1.839375,-12.10921875,2.29921875,8257.4375
264241,-2.4525,-11.18953125,2.60578125,8257.46875
264242,-3.0656250000000003,-9.656718750000001,3.0656250000000003,8257.5
264243,-3.67875,-8.737031250000001,3.2189062500000003,8257.53125
264244,-3.67875,-9.5034375,3.0656250000000003,8257.5625
264245,-3.2189062500000003,-10.57640625,2.7590625,8257.59375
264246,-1.22625,-10.7296875,2.1459375,8257.625
264247,-0.613125,-9.5034375,2.1459375,8257.65625
264248,-0.3065625,-8.430468750000001,1.99265625,8257.6875
264249,-1.5328125000000001,-7.3575,1.99265625,8257.71875
264250,-2.60578125,-7.51078125,1.99265625,8257.75
264251,-4.13859375,-7.51078125,2.7590625,8257.78125
264252,-4.13859375,-7.204218750000001,3.2189062500000003,8257.8125
264253,-3.9853125,-7.51078125,4.44515625,8257.84375
264254,-3.9853125,-9.043593750000001,4.905,8257.875
264255,-4.13859375,-10.423125,4.5984375,8257.90625
264256,-3.3721875000000003,-11.80265625,4.13859375,8257.9375
264257,-2.4525,-11.18953125,3.9853125,8257.96875
264258,-1.839375,-13.33546875,4.13859375,8258.0
264259,-2.60578125,-14.408437500000002,3.67875,8258.03125
264260,-2.9123437500000002,-13.182187500000001,3.5254687500000004,8258.0625
264261,-2.60578125,-8.737031250000001,2.1459375,8258.09375
264262,-2.1459375,-8.430468750000001,1.22625,8258.125
264263,-3.0656250000000003,-9.656718750000001,0.613125,8258.15625
264264,-3.83203125,-10.57640625,0.15328125,8258.1875
264265,-3.9853125,-10.1165625,0.15328125,8258.21875
264266,-3.0656250000000003,-8.123906250000001,0.45984375,8258.25
264267,-2.7590625,-7.970625,0.613125,8258.28125
264268,-2.29921875,-7.6640625,1.07296875,8258.3125
264269,-1.6860937500000002,-7.81734375,1.37953125,8258.34375
264270,-1.37953125,-8.2771875,1.37953125,8258.375
264271,-1.07296875,-8.2771875,1.839375,8258.40625
264272,-1.22625,-8.2771875,2.1459375,8258.4375
264273,-1.22625,-9.5034375,2.7590625,8258.46875
264274,-1.37953125,-10.423125,2.9123437500000002,8258.5
264275,-1.37953125,-10.1165625,3.0656250000000003,8258.53125
264276,-1.37953125,-11.49609375,2.9123437500000002,8258.5625
264277,-1.37953125,-12.10921875,2.9123437500000002,8258.59375
264278,-2.1459375,-11.955937500000001,2.60578125,8258.625
264279,-3.0656250000000003,-9.81,3.2189062500000003,8258.65625
264280,-3.5254687500000004,-9.196875,3.5254687500000004,8258.6875
264281,-3.0656250000000003,-9.5034375,4.291875,8258.71875
264282,-2.4525,-10.423125,3.9853125,8258.75
264283,-0.7664062500000001,-11.3428125,3.3721875000000003,8258.78125
264284,-0.613125,-8.430468750000001,2.4525,8258.8125
264285,-0.7664062500000001,-8.123906250000001,2.1459375,8258.84375
264286,-1.6860937500000002,-7.3575,1.5328125000000001,8258.875
264287,-2.7590625,-7.51078125,1.37953125,8258.90625
264288,-4.291875,-8.123906250000001,1.839375,8258.9375
264289,-4.5984375,-7.6640625,2.9123437500000002,8258.96875
264290,-3.9853125,-7.050937500000001,3.5254687500000004,8259.0
264291,-3.9853125,-8.58375,4.44515625,8259.03125
264292,-3.9853125,-9.5034375,4.44515625,8259.0625
264293,-3.9853125,-10.7296875,3.67875,8259.09375
264294,-3.67875,-11.03625,3.5254687500000004,8259.125
264295,-3.3721875000000003,-13.02890625,3.3721875000000003,8259.15625
264296,-3.0656250000000003,-14.56171875,3.3721875000000003,8259.1875
264297,-3.0656250000000003,-13.795312500000001,3.0656250000000003,8259.21875
264298,-2.9123437500000002,-10.26984375,2.4525,8259.25
264299,-2.7590625,-9.96328125,1.22625,8259.28125
264300,-2.60578125,-10.26984375,1.07296875,8259.3125
264301,-2.9123437500000002,-10.88296875,0.3065625,8259.34375
264302,-2.9123437500000002,-10.57640625,0.613125,8259.375
264303,-3.2189062500000003,-8.58375,0.7664062500000001,8259.40625
264304,-2.7590625,-8.58375,0.9196875,8259.4375
264305,-2.7590625,-8.430468750000001,0.9196875,8259.46875
264306,-1.99265625,-8.58375,1.07296875,8259.5
264307,-1.5328125000000001,-8.58375,1.07296875,8259.53125
264308,-1.07296875,-8.123906250000001,1.5328125000000001,8259.5625
264309,-0.7664062500000001,-7.970625,2.29921875,8259.59375
264310,-1.07296875,-8.430468750000001,2.4525,8259.625
264311,-1.22625,-9.5034375,2.7590625,8259.65625
264312,-1.07296875,-9.5034375,2.7590625,8259.6875
264313,-1.6860937500000002,-9.5034375,2.9123437500000002,8259.71875
264314,-1.5328125000000001,-11.649375000000001,2.7590625,8259.75
264315,-1.839375,-11.80265625,2.4525,8259.78125
264316,-3.0656250000000003,-11.18953125,3.3721875000000003,8259.8125
264317,-3.5254687500000004,-10.57640625,3.83203125,8259.84375
264318,-3.2189062500000003,-10.88296875,4.44515625,8259.875
264319,-2.4525,-10.57640625,3.3721875000000003,8259.90625
264320,-2.1459375,-11.649375000000001,3.0656250000000003,8259.9375
264321,-1.22625,-10.26984375,2.7590625,8259.96875
264322,-1.07296875,-8.8903125,2.4525,8260.0
264323,-1.37953125,-8.123906250000001,1.37953125,8260.03125
264324,-2.9123437500000002,-7.204218750000001,0.613125,8260.0625
264325,-3.83203125,-7.050937500000001,0.613125,8260.09375
264326,-4.75171875,-7.204218750000001,1.5328125000000001,8260.125
264327,-4.905,-7.3575,2.4525,8260.15625
264328,-4.5984375,-7.050937500000001,4.291875,8260.1875
264329,-4.44515625,-8.58375,4.5984375,8260.21875
264330,-4.5984375,-9.81,3.9853125,8260.25
264331,-4.5984375,-11.80265625,3.67875,8260.28125
264332,-4.291875,-11.18953125,3.9853125,8260.3125
264333,-2.9123437500000002,-13.182187500000001,4.13859375,8260.34375
264334,-2.9123437500000002,-13.795312500000001,3.9853125,8260.375
264335,-2.9123437500000002,-12.41578125,3.83203125,8260.40625
264336,-3.5254687500000004,-9.656718750000001,2.4525,8260.4375
264337,-3.3721875000000003,-9.656718750000001,1.839375,8260.46875
264338,-3.0656250000000003,-9.96328125,1.37953125,8260.5
264339,-2.9123437500000002,-11.03625,0.9196875,8260.53125
264340,-2.7590625,-10.26984375,1.07296875,8260.5625
264341,-2.29921875,-8.58375,1.07296875,8260.59375
264342,-1.99265625,-8.2771875,1.07296875,8260.625
264343,-1.839375,-7.81734375,1.22625,8260.65625
264344,-1.22625,-7.81734375,1.22625,8260.6875
264345,-1.22625,-7.970625,1.22625,8260.71875
264346,-1.37953125,-8.430468750000001,1.839375,8260.75
264347,-1.5328125000000001,-8.8903125,2.1459375,8260.78125
264348,-1.6860937500000002,-10.57640625,2.4525,8260.8125
264349,-1.5328125000000001,-11.03625,2.9123437500000002,8260.84375
264350,-1.22625,-10.57640625,2.9123437500000002,8260.875
264351,-1.07296875,-11.03625,2.9123437500000002,8260.90625
264352,-0.7664062500000001,-11.03625,2.7590625,8260.9375
264353,-1.37953125,-10.57640625,2.60578125,8260.96875
264354,-1.99265625,-8.58375,3.0656250000000003,8261.0
264355,-2.29921875,-8.58375,3.3721875000000003,8261.03125
264356,-1.99265625,-9.81,3.5254687500000004,8261.0625
264357,-2.1459375,-11.49609375,3.3721875000000003,8261.09375
264358,-1.839375,-12.262500000000001,3.3721875000000003,8261.125
264359,-1.22625,-9.656718750000001,2.60578125,8261.15625
264360,-1.07296875,-9.043593750000001,2.29921875,8261.1875
264361,-1.37953125,-7.3575,1.99265625,8261.21875
264362,-1.839375,-7.6640625,1.839375,8261.25
264363,-3.2189062500000003,-7.81734375,2.29921875,8261.28125
264364,-3.83203125,-7.51078125,3.3721875000000003,8261.3125
264365,-3.67875,-7.6640625,3.9853125,8261.34375
264366,-4.13859375,-8.58375,5.05828125,8261.375
264367,-4.13859375,-9.350156250000001,5.05828125,8261.40625
264368,-3.67875,-11.03625,4.44515625,8261.4375
264369,-2.9123437500000002,-12.10921875,4.291875,8261.46875
264370,-1.99265625,-13.488750000000001,3.9853125,8261.5
264371,-2.1459375,-13.94859375,3.3721875000000003,8261.53125
264372,-2.1459375,-13.94859375,3.2189062500000003,8261.5625
264373,-2.60578125,-9.96328125,2.60578125,8261.59375
264374,-2.7590625,-10.1165625,1.5328125000000001,8261.625
264375,-2.4525,-10.57640625,1.37953125,8261.65625
264376,-2.29921875,-11.18953125,0.9196875,8261.6875
264377,-2.29921875,-11.03625,0.7664062500000001,8261.71875
264378,-2.4525,-8.58375,0.9196875,8261.75
264379,-1.839375,-7.81734375,1.22625,8261.78125
264380,-1.839375,-7.6640625,1.37953125,8261.8125
264381,-1.6860937500000002,-7.970625,1.37953125,8261.84375
264382,-1.37953125,-8.2771875,1.37953125,8261.875
264383,-1.07296875,-8.430468750000001,1.839375,8261.90625
264384,-1.37953125,-8.58375,2.29921875,8261.9375
264385,-1.5328125000000001,-9.043593750000001,2.4525,8261.96875
264386,-1.07296875,-9.81,2.60578125,8262.0
264387,-1.07296875,-10.1165625,2.7590625,8262.03125
264388,-0.7664062500000001,-10.26984375,2.9123437500000002,8262.0625
264389,-1.22625,-11.955937500000001,2.4525,8262.09375
264390,-1.5328125000000001,-12.569062500000001,2.29921875,8262.125
264391,-2.29921875,-11.649375000000001,2.29921875,8262.15625
264392,-2.9123437500000002,-10.7296875,2.4525,8262.1875
264393,-4.13859375,-9.656718750000001,3.2189062500000003,8262.21875
264394,-3.67875,-9.96328125,3.3721875000000003,8262.25
264395,-2.60578125,-10.88296875,3.0656250000000003,8262.28125
264396,-0.45984375,-9.5034375,2.60578125,8262.3125
264397,0.0,-8.8903125,2.29921875,8262.34375
264398,-0.15328125,-8.2771875,2.29921875,8262.375
264399,-1.5328125000000001,-7.51078125,2.29921875,8262.40625
264400,-2.4525,-7.81734375,2.60578125,8262.4375
264401,-4.291875,-8.2771875,3.3721875000000003,8262.46875
264402,-4.291875,-8.123906250000001,3.9853125,8262.5
264403,-3.67875,-7.970625,5.05828125,8262.53125
264404,-3.0656250000000003,-9.196875,5.05828125,8262.5625
264405,-2.7590625,-10.26984375,4.5984375,8262.59375
264406,-1.99265625,-11.49609375,3.9853125,8262.625
264407,-1.839375,-12.262500000000001,3.83203125,8262.65625
264408,-1.839375,-13.94859375,3.67875,8262.6875
264409,-2.29921875,-14.25515625,3.0656250000000003,8262.71875
264410,-2.60578125,-11.80265625,2.7590625,8262.75
264411,-2.7590625,-8.8903125,1.07296875,8262.78125
264412,-3.67875,-9.656718750000001,0.45984375,8262.8125
264413,-3.5254687500000004,-10.26984375,0.45984375,8262.84375
264414,-2.60578125,-10.1165625,0.7664062500000001,8262.875
264415,-2.29921875,-9.350156250000001,0.9196875,8262.90625
264416,-1.6860937500000002,-8.8903125,1.37953125,8262.9375
264417,-1.6860937500000002,-8.8903125,1.6860937500000002,8262.96875
264418,-1.22625,-8.737031250000001,1.5328125000000001,8263.0
264419,-0.9196875,-8.430468750000001,1.37953125,8263.03125
264420,-1.07296875,-8.2771875,1.37953125,8263.0625
264421,-1.37953125,-8.123906250000001,1.99265625,8263.09375
264422,-1.6860937500000002,-8.430468750000001,2.29921875,8263.125
264423,-1.839375,-9.656718750000001,2.7590625,8263.15625
264424,-1.22625,-10.26984375,2.9123437500000002,8263.1875
264425,-0.9196875,-9.81,3.0656250000000003,8263.21875
264426,-0.7664062500000001,-11.18953125,3.0656250000000003,8263.25
264427,-0.7664062500000001,-11.03625,3.0656250000000003,8263.28125
264428,-1.5328125000000001,-11.03625,2.60578125,8263.3125
264429,-3.0656250000000003,-9.656718750000001,3.2189062500000003,8263.34375
264430,-3.67875,-9.96328125,3.5254687500000004,8263.375
264431,-3.5254687500000004,-10.26984375,3.83203125,8263.40625
264432,-3.0656250000000003,-10.88296875,3.3721875000000003,8263.4375
264433,-1.22625,-11.03625,3.0656250000000003,8263.46875
264434,-0.3065625,-8.737031250000001,2.60578125,8263.5
264435,-0.45984375,-8.58375,2.29921875,8263.53125
264436,-0.9196875,-7.51078125,2.1459375,8263.5625
264437,-1.6860937500000002,-7.3575,1.839375,8263.59375
264438,-3.3721875000000003,-7.970625,2.1459375,8263.625
264439,-3.9853125,-7.81734375,3.5254687500000004,8263.65625
264440,-3.67875,-7.3575,4.291875,8263.6875
264441,-3.9853125,-8.123906250000001,5.518125,8263.71875
264442,-3.9853125,-9.196875,5.67140625,8263.75
264443,-3.5254687500000004,-11.03625,4.44515625,8263.78125
264444,-2.9123437500000002,-11.3428125,4.13859375,8263.8125
264445,-2.29921875,-12.569062500000001,3.9853125,8263.84375
264446,-1.99265625,-13.94859375,3.9853125,8263.875
264447,-2.1459375,-14.25515625,3.83203125,8263.90625
264448,-2.60578125,-10.57640625,3.5254687500000004,8263.9375
264449,-3.0656250000000003,-8.8903125,2.29921875,8263.96875
264450,-2.7590625,-9.5034375,1.839375,8264.0
264451,-2.9123437500000002,-9.656718750000001,1.07296875,8264.03125
264452,-2.7590625,-10.1165625,0.9196875,8264.0625
264453,-2.9123437500000002,-9.043593750000001,0.7664062500000001,8264.09375
264454,-2.60578125,-8.430468750000001,1.07296875,8264.125
264455,-2.29921875,-8.2771875,1.37953125,8264.15625
264456,-1.6860937500000002,-8.2771875,1.839375,8264.1875
264457,-1.37953125,-8.58375,1.6860937500000002,8264.21875
264458,-0.7664062500000001,-9.196875,1.99265625,8264.25
264459,-0.7664062500000001,-9.043593750000001,2.60578125,8264.28125
264460,-1.07296875,-9.81,2.7590625,8264.3125
264461,-1.22625,-10.7296875,2.9123437500000002,8264.34375
264462,-0.9196875,-10.26984375,2.9123437500000002,8264.375
264463,0.0,-9.5034375,2.4525,8264.40625
264464,-1.07296875,-11.03625,2.60578125,8264.4375
264465,-1.839375,-11.03625,2.7590625,8264.46875
264466,-2.60578125,-9.350156250000001,3.0656250000000003,8264.5
264467,-2.9123437500000002,-8.737031250000001,3.2189062500000003,8264.53125
264468,-3.0656250000000003,-9.350156250000001,4.13859375,8264.5625
264469,-1.99265625,-10.88296875,3.83203125,8264.59375
264470,-0.7664062500000001,-11.649375000000001,3.67875,8264.625
264471,0.15328125,-9.656718750000001,3.2189062500000003,8264.65625
264472,0.3065625,-9.196875,2.60578125,8264.6875
264473,-0.45984375,-8.430468750000001,2.1459375,8264.71875
264474,-1.99265625,-7.970625,2.1459375,8264.75
264475,-3.0656250000000003,-8.123906250000001,2.29921875,8264.78125
264476,-4.13859375,-8.2771875,3.67875,8264.8125
264477,-4.13859375,-8.123906250000001,4.44515625,8264.84375
264478,-4.291875,-7.970625,6.1312500000000005,8264.875
264479,-5.2115625,-9.196875,5.518125,8264.90625
264480,-5.9779687500000005,-9.96328125,4.5984375,8264.9375
264481,-5.8246875000000005,-10.7296875,3.83203125,8264.96875
264482,-5.518125,-11.3428125,3.83203125,8265.0
264483,-4.44515625,-13.488750000000001,3.83203125,8265.03125
264484,-3.9853125,-14.25515625,3.3721875000000003,8265.0625
264485,-3.83203125,-11.955937500000001,3.0656250000000003,8265.09375
264486,-3.3721875000000003,-8.8903125,1.6860937500000002,8265.125
264487,-3.0656250000000003,-9.5034375,1.22625,8265.15625
264488,-2.7590625,-10.7296875,0.9196875,8265.1875
264489,-2.4525,-11.649375000000001,1.07296875,8265.21875
264490,-2.29921875,-10.7296875,1.37953125,8265.25
264491,-1.839375,-9.196875,1.5328125000000001,8265.28125
264492,-1.5328125000000001,-8.8903125,1.6860937500000002,8265.3125
264493,-1.37953125,-8.123906250000001,1.99265625,8265.34375
264494,-1.07296875,-7.81734375,2.1459375,8265.375
264495,-1.07296875,-7.81734375,2.1459375,8265.40625
264496,-1.22625,-7.51078125,2.4525,8265.4375
264497,-1.07296875,-7.6640625,2.7590625,8265.46875
264498,-1.07296875,-8.58375,3.0656250000000003,8265.5
264499,-0.9196875,-9.196875,3.5254687500000004,8265.53125
264500,-0.7664062500000001,-9.350156250000001,3.67875,8265.5625
264501,-0.7664062500000001,-10.88296875,3.83203125,8265.59375
264502,-0.613125,-11.80265625,3.67875,8265.625
264503,-1.37953125,-11.80265625,3.3721875000000003,8265.65625
264504,-2.29921875,-9.656718750000001,3.5254687500000004,8265.6875
264505,-2.7590625,-10.57640625,3.67875,8265.71875
264506,-2.7590625,-11.18953125,4.44515625,8265.75
264507,-2.4525,-11.955937500000001,4.13859375,8265.78125
264508,-0.9196875,-12.10921875,3.5254687500000004,8265.8125
264509,-0.45984375,-9.196875,2.4525,8265.84375
264510,-0.3065625,-8.737031250000001,2.1459375,8265.875
264511,-1.22625,-7.6640625,1.5328125000000001,8265.90625
264512,-1.839375,-7.6640625,1.5328125000000001,8265.9375
264513,-3.5254687500000004,-7.81734375,1.839375,8265.96875
264514,-4.291875,-7.81734375,3.3721875000000003,8266.0
264515,-4.291875,-7.6640625,4.44515625,8266.03125
264516,-4.291875,-8.123906250000001,5.8246875000000005,8266.0625
264517,-4.291875,-8.8903125,6.1312500000000005,8266.09375
264518,-3.67875,-10.423125,4.5984375,8266.125
264519,-3.3721875000000003,-11.3428125,3.9853125,8266.15625
264520,-2.60578125,-11.80265625,3.9853125,8266.1875
264521,-1.6860937500000002,-13.94859375,3.83203125,8266.21875
264522,-2.4525,-13.795312500000001,3.5254687500000004,8266.25
264523,-2.4525,-11.80265625,3.2189062500000003,8266.28125
264524,-2.9123437500000002,-11.18953125,2.4525,8266.3125
264525,-2.60578125,-11.3428125,1.839375,8266.34375
264526,-2.1459375,-11.80265625,1.07296875,8266.375
264527,-2.29921875,-11.955937500000001,0.9196875,8266.40625
264528,-2.7590625,-9.656718750000001,0.9196875,8266.4375
264529,-2.60578125,-8.430468750000001,0.9196875,8266.46875
264530,-2.1459375,-7.81734375,1.07296875,8266.5
264531,-1.6860937500000002,-7.51078125,1.22625,8266.53125
264532,-1.37953125,-7.3575,1.37953125,8266.5625
264533,-1.07296875,-7.51078125,1.5328125000000001,8266.59375
264534,-1.22625,-7.81734375,1.99265625,8266.625
264535,-1.6860937500000002,-8.430468750000001,2.1459375,8266.65625
264536,-1.5328125000000001,-9.81,2.4525,8266.6875
264537,-1.5328125000000001,-10.1165625,2.7590625,8266.71875
264538,-0.9196875,-9.96328125,3.0656250000000003,8266.75
264539,-0.7664062500000001,-11.3428125,2.9123437500000002,8266.78125
264540,-1.07296875,-11.80265625,2.7590625,8266.8125
264541,-2.1459375,-11.80265625,2.7590625,8266.84375
264542,-2.9123437500000002,-10.7296875,3.2189062500000003,8266.875
264543,-3.9853125,-10.423125,3.5254687500000004,8266.90625
264544,-3.67875,-10.423125,3.83203125,8266.9375
264545,-3.0656250000000003,-11.18953125,3.5254687500000004,8266.96875
264546,-0.3065625,-10.57640625,2.7590625,8267.0
264547,0.7664062500000001,-9.196875,2.29921875,8267.03125
264548,0.613125,-8.58375,1.99265625,8267.0625
264549,-0.613125,-7.970625,1.99265625,8267.09375
264550,-1.5328125000000001,-7.970625,2.1459375,8267.125
264551,-4.291875,-8.430468750000001,2.9123437500000002,8267.15625
264552,-5.05828125,-8.2771875,3.5254687500000004,8267.1875
264553,-5.2115625,-7.970625,5.36484375,8267.21875
264554,-4.905,-8.737031250000001,5.8246875000000005,8267.25
264555,-4.75171875,-9.656718750000001,5.2115625,8267.28125
264556,-3.2189062500000003,-11.649375000000001,4.291875,8267.3125
264557,-2.1459375,-11.3428125,4.44515625,8267.34375
264558,-1.07296875,-13.02890625,4.5984375,8267.375
264559,-1.839375,-13.795312500000001,3.9853125,8267.40625
264560,-2.4525,-13.182187500000001,3.9853125,8267.4375
264561,-3.5254687500000004,-9.5034375,2.9123437500000002,8267.46875
264562,-3.0656250000000003,-8.737031250000001,1.99265625,8267.5
264563,-3.0656250000000003,-9.656718750000001,1.22625,8267.53125
264564,-3.2189062500000003,-11.49609375,0.9196875,8267.5625
264565,-3.0656250000000003,-11.80265625,0.9196875,8267.59375
264566,-2.4525,-10.1165625,1.22625,8267.625
264567,-1.839375,-9.350156250000001,1.37953125,8267.65625
264568,-1.22625,-7.970625,1.5328125000000001,8267.6875
264569,-1.07296875,-7.3575,1.839375,8267.71875
264570,-1.07296875,-7.6640625,1.839375,8267.75
264571,-1.07296875,-8.123906250000001,2.1459375,8267.78125
264572,-1.22625,-8.123906250000001,2.4525,8267.8125
264573,-1.5328125000000001,-8.8903125,2.7590625,8267.84375
264574,-1.22625,-9.350156250000001,3.0656250000000003,8267.875
264575,-1.07296875,-9.5034375,3.3721875000000003,8267.90625
264576,-0.613125,-9.196875,3.83203125,8267.9375
264577,-0.45984375,-10.7296875,3.5254687500000004,8267.96875
264578,-0.7664062500000001,-11.18953125,3.2189062500000003,8268.0
264579,-1.839375,-10.88296875,3.0656250000000003,8268.03125
264580,-2.7590625,-10.26984375,3.2189062500000003,8268.0625
264581,-3.9853125,-11.18953125,3.83203125,8268.09375
264582,-3.5254687500000004,-10.88296875,3.83203125,8268.125
264583,-2.1459375,-11.80265625,3.0656250000000003,8268.15625
264584,-0.3065625,-10.88296875,3.3721875000000003,8268.1875
264585,0.0,-9.196875,3.0656250000000003,8268.21875
264586,-0.613125,-7.6640625,2.29921875,8268.25
264587,-1.07296875,-7.3575,1.99265625,8268.28125
264588,-2.7590625,-7.970625,1.37953125,8268.3125
264589,-4.5984375,-8.430468750000001,1.99265625,8268.34375
264590,-4.75171875,-8.430468750000001,2.9123437500000002,8268.375
264591,-3.83203125,-7.81734375,4.75171875,8268.40625
264592,-3.67875,-8.123906250000001,5.2115625,8268.4375
264593,-3.3721875000000003,-9.5034375,4.75171875,8268.46875
264594,-2.7590625,-11.49609375,4.5984375,8268.5
264595,-2.29921875,-11.955937500000001,4.75171875,8268.53125
264596,-2.29921875,-13.64203125,4.5984375,8268.5625
264597,-2.29921875,-13.33546875,4.13859375,8268.59375
264598,-2.9123437500000002,-12.41578125,3.2189062500000003,8268.625
264599,-3.0656250000000003,-10.423125,1.99265625,8268.65625
264600,-3.0656250000000003,-10.88296875,1.37953125,8268.6875
264601,-3.0656250000000003,-11.03625,0.9196875,8268.71875
264602,-3.0656250000000003,-11.649375000000001,0.7664062500000001,8268.75
264603,-2.60578125,-11.49609375,0.7664062500000001,8268.78125
264604,-2.29921875,-9.350156250000001,0.9196875,8268.8125
264605,-2.1459375,-9.043593750000001,0.9196875,8268.84375
264606,-1.839375,-8.430468750000001,0.9196875,8268.875
264607,-1.5328125000000001,-8.123906250000001,1.22625,8268.90625
264608,-1.37953125,-8.123906250000001,1.37953125,8268.9375
264609,-0.9196875,-8.2771875,1.839375,8268.96875
264610,-1.07296875,-8.123906250000001,1.99265625,8269.0
264611,-1.07296875,-9.043593750000001,2.4525,8269.03125
264612,-1.07296875,-9.196875,2.4525,8269.0625
264613,-1.07296875,-8.8903125,2.7590625,8269.09375
264614,-1.07296875,-10.26984375,2.9123437500000002,8269.125
264615,-1.07296875,-11.18953125,2.7590625,8269.15625
264616,-1.839375,-11.80265625,2.60578125,8269.1875
264617,-2.1459375,-11.3428125,2.60578125,8269.21875
264618,-3.3721875000000003,-9.96328125,3.3721875000000003,8269.25
264619,-3.2189062500000003,-10.423125,3.9853125,8269.28125
264620,-2.7590625,-10.7296875,3.83203125,8269.3125
264621,-1.07296875,-11.80265625,2.9123437500000002,8269.34375
264622,-0.613125,-11.03625,2.7590625,8269.375
264623,-0.7664062500000001,-9.350156250000001,2.1459375,8269.40625
264624,-1.37953125,-8.123906250000001,1.839375,8269.4375
264625,-1.99265625,-7.81734375,1.839375,8269.46875
264626,-3.67875,-8.58375,2.1459375,8269.5
264627,-4.13859375,-8.123906250000001,3.67875,8269.53125
264628,-3.83203125,-7.51078125,4.44515625,8269.5625
264629,-3.67875,-7.970625,5.67140625,8269.59375
264630,-3.67875,-8.8903125,5.67140625,8269.625
264631,-3.5254687500000004,-11.03625,4.905,8269.65625
264632,-3.2189062500000003,-11.80265625,4.44515625,8269.6875
264633,-2.1459375,-11.955937500000001,3.5254687500000004,8269.71875
264634,-1.839375,-13.94859375,3.5254687500000004,8269.75
264635,-2.1459375,-13.64203125,3.67875,8269.78125
264636,-2.29921875,-10.26984375,3.3721875000000003,8269.8125
264637,-2.1459375,-9.350156250000001,2.60578125,8269.84375
264638,-2.1459375,-10.26984375,1.6860937500000002,8269.875
264639,-2.60578125,-10.88296875,1.37953125,8269.90625
264640,-3.0656250000000003,-11.955937500000001,1.07296875,8269.9375
264641,-3.3721875000000003,-10.423125,0.7664062500000001,8269.96875
264642,-2.60578125,-9.5034375,0.7664062500000001,8270.0
264643,-1.6860937500000002,-8.58375,1.22625,8270.03125
264644,-1.07296875,-8.2771875,1.6860937500000002,8270.0625
264645,-0.7664062500000001,-8.123906250000001,1.5328125000000001,8270.09375
264646,-1.07296875,-8.430468750000001,1.6860937500000002,8270.125
264647,-1.22625,-8.430468750000001,1.839375,8270.15625
264648,-1.6860937500000002,-8.737031250000001,2.60578125,8270.1875
264649,-1.6860937500000002,-9.350156250000001,2.7590625,8270.21875
264650,-1.22625,-9.350156250000001,2.7590625,8270.25
264651,-0.45984375,-9.196875,3.0656250000000003,8270.28125
264652,-0.3065625,-9.5034375,3.0656250000000003,8270.3125
264653,-0.7664062500000001,-10.88296875,2.7590625,8270.34375
264654,-1.99265625,-11.3428125,2.60578125,8270.375
264655,-2.60578125,-10.7296875,2.9123437500000002,8270.40625
264656,-3.83203125,-10.1165625,3.67875,8270.4375
264657,-3.5254687500000004,-10.26984375,3.83203125,8270.46875
264658,-2.60578125,-11.49609375,3.5254687500000004,8270.5
264659,-0.9196875,-11.3428125,3.2189062500000003,8270.53125
264660,-0.45984375,-10.1165625,2.7590625,8270.5625
264661,0.15328125,-9.043593750000001,2.4525,8270.59375
264662,-0.45984375,-8.123906250000001,2.4525,8270.625
264663,-1.839375,-7.6640625,2.29921875,8270.65625
264664,-3.67875,-8.123906250000001,2.9123437500000002,8270.6875
264665,-4.44515625,-7.970625,3.2189062500000003,8270.71875
264666,-3.83203125,-7.3575,4.13859375,8270.75
264667,-3.67875,-7.6640625,4.44515625,8270.78125
264668,-2.7590625,-9.350156250000001,5.05828125,8270.8125
264669,-1.839375,-11.03625,4.5984375,8270.84375
264670,-1.22625,-11.18953125,4.44515625,8270.875
264671,-0.7664062500000001,-13.33546875,3.83203125,8270.90625
264672,-1.07296875,-13.94859375,3.83203125,8270.9375
264673,-1.839375,-13.33546875,3.67875,8270.96875
264674,-2.60578125,-9.81,2.9123437500000002,8271.0
264675,-2.4525,-9.656718750000001,2.1459375,8271.03125
264676,-2.4525,-10.1165625,1.37953125,8271.0625
264677,-2.4525,-11.18953125,1.22625,8271.09375
264678,-2.29921875,-10.7296875,0.9196875,8271.125
264679,-1.839375,-8.58375,1.22625,8271.15625
264680,-1.6860937500000002,-8.58375,1.37953125,8271.1875
264681,-1.5328125000000001,-7.6640625,1.839375,8271.21875
264682,-1.37953125,-7.81734375,1.839375,8271.25
264683,-1.07296875,-8.737031250000001,1.839375,8271.28125
264684,-1.07296875,-8.58375,1.99265625,8271.3125
264685,-0.9196875,-8.58375,1.99265625,8271.34375
264686,-0.7664062500000001,-8.58375,2.1459375,8271.375
264687,-0.7664062500000001,-9.196875,2.29921875,8271.40625
264688,-0.9196875,-9.656718750000001,2.7590625,8271.4375
264689,-1.07296875,-10.423125,2.7590625,8271.46875
264690,-1.22625,-11.49609375,2.60578125,8271.5
264691,-2.1459375,-12.41578125,2.4525,8271.53125
264692,-2.4525,-11.80265625,2.7590625,8271.5625
264693,-3.2189062500000003,-10.7296875,3.3721875000000003,8271.59375
264694,-2.9123437500000002,-9.5034375,3.83203125,8271.625
264695,-2.7590625,-9.96328125,3.83203125,8271.65625
264696,-1.07296875,-10.7296875,3.67875,8271.6875
264697,-0.45984375,-9.81,3.2189062500000003,8271.71875
264698,-0.613125,-8.737031250000001,2.60578125,8271.75
264699,-1.22625,-7.3575,2.4525,8271.78125
264700,-1.839375,-7.204218750000001,2.4525,8271.8125
264701,-2.9123437500000002,-8.123906250000001,3.0656250000000003,8271.84375
264702,-3.0656250000000003,-8.2771875,3.5254687500000004,8271.875
264703,-2.9123437500000002,-8.430468750000001,4.291875,8271.90625
264704,-2.7590625,-8.58375,5.05828125,8271.9375
264705,-2.7590625,-8.8903125,5.05828125,8271.96875
264706,-2.29921875,-10.1165625,4.44515625,8272.0
264707,-2.1459375,-11.03625,4.291875,8272.03125
264708,-1.99265625,-11.18953125,4.13859375,8272.0625
264709,-2.29921875,-12.41578125,3.83203125,8272.09375
264710,-2.60578125,-12.262500000000001,3.67875,8272.125
264711,-2.7590625,-11.03625,3.3721875000000003,8272.15625
264712,-2.7590625,-10.26984375,2.60578125,8272.1875
264713,-2.4525,-9.96328125,1.5328125000000001,8272.21875
264714,-2.60578125,-10.7296875,0.613125,8272.25
264715,-2.60578125,-11.3428125,0.45984375,8272.28125
264716,-2.9123437500000002,-9.043593750000001,0.45984375,8272.3125
264717,-2.4525,-8.430468750000001,0.613125,8272.34375
264718,-1.839375,-7.970625,0.613125,8272.375
264719,-2.29921875,-7.970625,0.7664062500000001,8272.40625
264720,-2.4525,-8.430468750000001,1.07296875,8272.4375
264721,-2.4525,-9.656718750000001,1.37953125,8272.46875
264722,-1.99265625,-9.81,1.5328125000000001,8272.5
264723,-1.37953125,-9.656718750000001,1.839375,8272.53125
264724,-0.45984375,-9.81,2.29921875,8272.5625
264725,-0.15328125,-9.96328125,2.4525,8272.59375
264726,0.0,-9.656718750000001,3.0656250000000003,8272.625
264727,-0.613125,-10.57640625,2.9123437500000002,8272.65625
264728,-1.839375,-11.18953125,2.7590625,8272.6875
264729,-2.60578125,-10.57640625,2.4525,8272.71875
264730,-2.9123437500000002,-9.5034375,2.7590625,8272.75
264731,-3.3721875000000003,-8.8903125,3.5254687500000004,8272.78125
264732,-3.3721875000000003,-9.196875,3.67875,8272.8125
264733,-2.1459375,-11.18953125,3.67875,8272.84375
264734,-0.613125,-9.656718750000001,3.2189062500000003,8272.875
264735,-0.3065625,-8.8903125,3.0656250000000003,8272.90625
264736,-0.45984375,-7.970625,2.7590625,8272.9375
264737,-0.9196875,-7.204218750000001,2.7590625,8272.96875
264738,-1.99265625,-6.897656250000001,3.2189062500000003,8273.0
264739,-3.3721875000000003,-7.6640625,3.83203125,8273.03125
264740,-3.67875,-7.970625,3.9853125,8273.0625
264741,-4.291875,-8.430468750000001,4.44515625,8273.09375
264742,-4.44515625,-8.737031250000001,4.44515625,8273.125
264743,-4.291875,-10.1165625,4.5984375,8273.15625
264744,-3.3721875000000003,-11.3428125,4.5984375,8273.1875
264745,-2.7590625,-11.80265625,4.75171875,8273.21875
264746,-1.839375,-13.182187500000001,4.44515625,8273.25
264747,-2.1459375,-12.875625000000001,4.13859375,8273.28125
264748,-2.4525,-12.262500000000001,3.3721875000000003,8273.3125
264749,-2.7590625,-8.58375,2.29921875,8273.34375
264750,-2.7590625,-8.2771875,1.6860937500000002,8273.375
264751,-2.9123437500000002,-8.8903125,1.22625,8273.40625
264752,-2.9123437500000002,-9.350156250000001,0.9196875,8273.4375
264753,-2.9123437500000002,-9.656718750000001,0.9196875,8273.46875
264754,-2.4525,-8.430468750000001,1.37953125,8273.5
264755,-2.1459375,-8.123906250000001,1.6860937500000002,8273.53125
264756,-1.99265625,-7.970625,1.839375,8273.5625
264757,-1.839375,-8.2771875,1.99265625,8273.59375
264758,-1.37953125,-9.043593750000001,1.99265625,8273.625
264759,-0.9196875,-9.656718750000001,2.29921875,8273.65625
264760,-0.9196875,-9.656718750000001,2.60578125,8273.6875
264761,-1.07296875,-10.423125,3.2189062500000003,8273.71875
264762,-1.07296875,-10.7296875,3.2189062500000003,8273.75
264763,-0.613125,-9.656718750000001,3.2189062500000003,8273.78125
264764,-0.7664062500000001,-11.18953125,2.7590625,8273.8125
264765,-1.22625,-11.18953125,2.60578125,8273.84375
264766,-2.1459375,-10.88296875,2.7590625,8273.875
264767,-2.60578125,-9.5034375,3.0656250000000003,8273.90625
264768,-3.2189062500000003,-8.2771875,3.67875,8273.9375
264769,-2.9123437500000002,-9.350156250000001,3.83203125,8273.96875
264770,-2.1459375,-10.7296875,3.5254687500000004,8274.0
264771,-0.7664062500000001,-10.26984375,2.60578125,8274.03125
264772,-0.613125,-9.043593750000001,2.29921875,8274.0625
264773,-1.07296875,-8.430468750000001,1.99265625,8274.09375
264774,-1.99265625,-7.6640625,1.99265625,8274.125
264775,-2.60578125,-7.970625,2.29921875,8274.15625
264776,-3.3721875000000003,-8.430468750000001,3.3721875000000003,8274.1875
264777,-3.5254687500000004,-8.737031250000001,3.9853125,8274.21875
264778,-3.83203125,-8.430468750000001,5.2115625,8274.25
264779,-3.83203125,-9.043593750000001,5.36484375,8274.28125
264780,-3.83203125,-9.96328125,5.2115625,8274.3125
264781,-3.67875,-11.18953125,4.75171875,8274.34375
264782,-3.2189062500000003,-11.3428125,4.905,8274.375
264783,-3.0656250000000003,-13.488750000000001,4.291875,8274.40625
264784,-3.0656250000000003,-13.33546875,3.3721875000000003,8274.4375
264785,-3.2189062500000003,-11.49609375,2.9123437500000002,8274.46875
264786,-3.3721875000000003,-9.350156250000001,1.37953125,8274.5
264787,-2.9123437500000002,-9.81,0.7664062500000001,8274.53125
264788,-2.9123437500000002,-9.96328125,0.7664062500000001,8274.5625
264789,-2.7590625,-11.18953125,0.7664062500000001,8274.59375
264790,-2.60578125,-10.7296875,0.9196875,8274.625
264791,-2.29921875,-9.350156250000001,0.9196875,8274.65625
264792,-2.1459375,-8.8903125,1.07296875,8274.6875
264793,-2.29921875,-7.970625,1.22625,8274.71875
264794,-1.6860937500000002,-8.430468750000001,1.37953125,8274.75
264795,-1.37953125,-8.58375,1.22625,8274.78125
264796,-1.22625,-8.2771875,1.5328125000000001,8274.8125
264797,-1.5328125000000001,-8.737031250000001,1.99265625,8274.84375
264798,-1.6860937500000002,-9.96328125,2.7590625,8274.875
264799,-1.5328125000000001,-10.1165625,3.0656250000000003,8274.90625
264800,-1.07296875,-9.81,3.3721875000000003,8274.9375
264801,-0.45984375,-9.96328125,3.3721875000000003,8274.96875
264802,-0.3065625,-10.1165625,3.3721875000000003,8275.0
264803,-0.7664062500000001,-10.57640625,3.3721875000000003,8275.03125
264804,-1.37953125,-9.196875,4.13859375,8275.0625
264805,-1.6860937500000002,-9.350156250000001,4.44515625,8275.09375
264806,-1.5328125000000001,-10.423125,4.291875,8275.125
264807,-1.6860937500000002,-11.649375000000001,3.83203125,8275.15625
264808,-1.22625,-12.875625000000001,3.83203125,8275.1875
264809,-1.22625,-9.656718750000001,2.9123437500000002,8275.21875
264810,-1.07296875,-8.737031250000001,2.4525,8275.25
264811,-1.5328125000000001,-7.3575,2.1459375,8275.28125
264812,-1.99265625,-7.3575,2.1459375,8275.3125
264813,-3.0656250000000003,-7.6640625,2.29921875,8275.34375
264814,-3.83203125,-7.6640625,3.3721875000000003,8275.375
264815,-4.291875,-7.51078125,3.83203125,8275.40625
264816,-5.67140625,-8.123906250000001,4.13859375,8275.4375
264817,-5.9779687500000005,-8.8903125,4.13859375,8275.46875
264818,-5.2115625,-10.57640625,3.67875,8275.5
264819,-4.75171875,-11.49609375,4.13859375,8275.53125
264820,-3.9853125,-13.182187500000001,4.13859375,8275.5625
264821,-3.5254687500000004,-13.33546875,3.3721875000000003,8275.59375
264822,-3.3721875000000003,-13.64203125,2.9123437500000002,8275.625
264823,-3.0656250000000003,-10.423125,2.29921875,8275.65625
264824,-2.7590625,-9.96328125,1.5328125000000001,8275.6875
264825,-2.9123437500000002,-10.423125,1.37953125,8275.71875
264826,-2.9123437500000002,-10.7296875,0.9196875,8275.75
264827,-3.0656250000000003,-10.1165625,0.9196875,8275.78125
264828,-2.60578125,-8.430468750000001,0.9196875,8275.8125
264829,-2.60578125,-8.2771875,1.07296875,8275.84375
264830,-2.60578125,-8.123906250000001,1.37953125,8275.875
264831,-1.5328125000000001,-8.2771875,1.37953125,8275.90625
264832,-1.07296875,-8.123906250000001,1.22625,8275.9375
264833,-0.7664062500000001,-8.123906250000001,1.5328125000000001,8275.96875
264834,-1.07296875,-8.430468750000001,2.4525,8276.0
264835,-1.22625,-9.043593750000001,2.7590625,8276.03125
264836,-1.07296875,-9.81,3.2189062500000003,8276.0625
264837,-0.7664062500000001,-9.96328125,3.2189062500000003,8276.09375
264838,-0.9196875,-10.1165625,3.3721875000000003,8276.125
264839,-0.7664062500000001,-11.649375000000001,3.3721875000000003,8276.15625
264840,-1.07296875,-12.10921875,3.2189062500000003,8276.1875
264841,-1.99265625,-11.3428125,3.2189062500000003,8276.21875
264842,-2.4525,-10.26984375,3.5254687500000004,8276.25
264843,-2.7590625,-9.81,3.67875,8276.28125
264844,-2.7590625,-10.423125,3.0656250000000003,8276.3125
264845,-2.29921875,-11.3428125,2.60578125,8276.34375
264846,-1.99265625,-10.1165625,1.6860937500000002,8276.375
264847,-1.839375,-9.196875,1.5328125000000001,8276.40625
264848,-1.5328125000000001,-8.2771875,1.22625,8276.4375
264849,-2.29921875,-7.970625,1.07296875,8276.46875
264850,-2.7590625,-7.970625,1.37953125,8276.5
264851,-3.3721875000000003,-7.81734375,2.9123437500000002,8276.53125
264852,-3.2189062500000003,-7.51078125,4.291875,8276.5625
264853,-3.3721875000000003,-7.51078125,6.284531250000001,8276.59375
264854,-5.2115625,-9.043593750000001,5.2115625,8276.625
264855,-6.284531250000001,-10.26984375,3.9853125,8276.65625
264856,-7.204218750000001,-11.3428125,3.0656250000000003,8276.6875
264857,-6.284531250000001,-10.57640625,3.2189062500000003,8276.71875
264858,-4.44515625,-13.33546875,3.3721875000000003,8276.75
264859,-3.67875,-13.488750000000001,3.3721875000000003,8276.78125
264860,-3.5254687500000004,-12.10921875,3.2189062500000003,8276.8125
264861,-3.67875,-9.81,2.1459375,8276.84375
264862,-3.67875,-10.57640625,1.6860937500000002,8276.875
264863,-3.67875,-11.03625,0.7664062500000001,8276.90625
264864,-3.67875,-12.10921875,0.0,8276.9375
264865,-3.3721875000000003,-11.3428125,0.0,8276.96875
264866,-2.7590625,-9.196875,0.45984375,8277.0
264867,-2.4525,-8.737031250000001,0.613125,8277.03125
264868,-2.29921875,-7.81734375,0.9196875,8277.0625
264869,-2.1459375,-7.81734375,1.5328125000000001,8277.09375
264870,-1.839375,-7.970625,1.6860937500000002,8277.125
264871,-1.22625,-7.970625,1.99265625,8277.15625
264872,-1.07296875,-7.81734375,2.1459375,8277.1875
264873,-0.9196875,-8.430468750000001,2.7590625,8277.21875
264874,-0.613125,-9.5034375,3.3721875000000003,8277.25
264875,-0.45984375,-9.5034375,3.5254687500000004,8277.28125
264876,-0.3065625,-10.1165625,3.5254687500000004,8277.3125
264877,-0.45984375,-11.3428125,3.2189062500000003,8277.34375
264878,-1.839375,-12.10921875,2.9123437500000002,8277.375
264879,-3.0656250000000003,-10.423125,3.83203125,8277.40625
264880,-3.0656250000000003,-9.656718750000001,4.291875,8277.4375
264881,-2.60578125,-10.1165625,4.905,8277.46875
264882,-2.1459375,-10.26984375,4.5984375,8277.5
264883,-1.22625,-11.80265625,3.0656250000000003,8277.53125
264884,-1.5328125000000001,-9.96328125,1.99265625,8277.5625
264885,-1.6860937500000002,-9.350156250000001,1.99265625,8277.59375
264886,-2.29921875,-8.430468750000001,1.37953125,8277.625
264887,-2.9123437500000002,-7.81734375,1.07296875,8277.65625
264888,-4.905,-7.6640625,1.99265625,8277.6875
264889,-4.44515625,-7.51078125,3.3721875000000003,8277.71875
264890,-4.291875,-7.3575,4.13859375,8277.75
264891,-4.291875,-7.6640625,5.36484375,8277.78125
264892,-3.83203125,-8.58375,5.2115625,8277.8125
264893,-3.3721875000000003,-11.03625,4.13859375,8277.84375
264894,-3.0656250000000003,-11.649375000000001,3.9853125,8277.875
264895,-2.7590625,-11.649375000000001,4.13859375,8277.90625
264896,-2.4525,-13.488750000000001,3.5254687500000004,8277.9375
264897,-2.7590625,-13.795312500000001,3.0656250000000003,8277.96875
264898,-1.99265625,-12.262500000000001,2.7590625,8278.0
264899,-1.839375,-10.1165625,1.99265625,8278.03125
264900,-1.99265625,-9.96328125,1.5328125000000001,8278.0625
264901,-3.0656250000000003,-10.26984375,0.45984375,8278.09375
264902,-3.9853125,-10.57640625,-0.613125,8278.125
264903,-4.5984375,-9.81,-0.613125,8278.15625
264904,-2.7590625,-8.58375,0.0,8278.1875
264905,-2.60578125,-8.58375,0.45984375,8278.21875
264906,-2.7590625,-8.430468750000001,0.613125,8278.25
264907,-2.4525,-8.58375,0.613125,8278.28125
264908,-1.99265625,-8.737031250000001,0.7664062500000001,8278.3125
264909,-1.839375,-8.430468750000001,1.37953125,8278.34375
264910,-1.839375,-8.737031250000001,1.6860937500000002,8278.375
264911,-1.22625,-10.26984375,2.1459375,8278.40625
264912,-1.07296875,-10.7296875,2.4525,8278.4375
264913,-1.6860937500000002,-9.81,2.60578125,8278.46875
264914,-1.99265625,-10.7296875,2.4525,8278.5
264915,-2.1459375,-10.7296875,2.29921875,8278.53125
264916,-2.29921875,-11.18953125,2.1459375,8278.5625
264917,-2.4525,-10.57640625,2.29921875,8278.59375
264918,-3.3721875000000003,-10.26984375,2.9123437500000002,8278.625
264919,-3.83203125,-10.423125,3.2189062500000003,8278.65625
264920,-3.83203125,-11.18953125,3.2189062500000003,8278.6875
264921,-2.4525,-11.49609375,2.4525,8278.71875
264922,-1.6860937500000002,-10.88296875,2.1459375,8278.75
264923,-0.3065625,-9.350156250000001,2.1459375,8278.78125
264924,-1.37953125,-7.6640625,2.1459375,8278.8125
264925,-2.1459375,-7.6640625,2.29921875,8278.84375
264926,-3.5254687500000004,-7.81734375,3.0656250000000003,8278.875
264927,-3.9853125,-7.6640625,3.67875,8278.90625
264928,-3.83203125,-7.6640625,4.5984375,8278.9375
264929,-4.13859375,-8.430468750000001,4.291875,8278.96875
264930,-4.44515625,-9.350156250000001,3.83203125,8279.0
264931,-4.905,-11.49609375,3.5254687500000004,8279.03125
264932,-4.5984375,-11.955937500000001,3.67875,8279.0625
264933,-3.83203125,-13.64203125,3.3721875000000003,8279.09375
264934,-3.67875,-14.101875000000001,2.7590625,8279.125
264935,-3.3721875000000003,-13.64203125,2.60578125,8279.15625
264936,-2.9123437500000002,-9.350156250000001,1.99265625,8279.1875
264937,-2.9123437500000002,-8.8903125,1.5328125000000001,8279.21875
264938,-2.1459375,-10.423125,1.07296875,8279.25
264939,-2.1459375,-10.423125,0.7664062500000001,8279.28125
264940,-2.7590625,-11.3428125,0.613125,8279.3125
264941,-1.99265625,-9.5034375,0.9196875,8279.34375
264942,-1.99265625,-9.043593750000001,1.07296875,8279.375
264943,-1.6860937500000002,-8.58375,1.22625,8279.40625
264944,-1.5328125000000001,-8.430468750000001,1.37953125,8279.4375
264945,-1.5328125000000001,-8.430468750000001,1.37953125,8279.46875
264946,-1.22625,-8.123906250000001,1.5328125000000001,8279.5
264947,-1.37953125,-8.430468750000001,2.1459375,8279.53125
264948,-1.5328125000000001,-8.8903125,2.29921875,8279.5625
264949,-1.22625,-9.81,2.4525,8279.59375
264950,-1.07296875,-9.5034375,2.4525,8279.625
264951,-1.5328125000000001,-10.26984375,2.1459375,8279.65625
264952,-1.6860937500000002,-11.03625,2.1459375,8279.6875
264953,-2.4525,-12.569062500000001,1.99265625,8279.71875
264954,-3.3721875000000003,-11.3428125,2.7590625,8279.75
264955,-3.9853125,-10.57640625,3.2189062500000003,8279.78125
264956,-4.13859375,-10.423125,3.67875,8279.8125
264957,-3.9853125,-11.18953125,3.5254687500000004,8279.84375
264958,-2.1459375,-10.423125,2.9123437500000002,8279.875
264959,0.0,-9.043593750000001,1.6860937500000002,8279.90625
264960,0.45984375,-8.8903125,1.5328125000000001,8279.9375
264961,-0.3065625,-8.123906250000001,1.22625,8279.96875
264962,-0.9196875,-7.970625,1.37953125,8280.0
264963,-3.5254687500000004,-8.430468750000001,1.99265625,8280.03125
264964,-4.5984375,-7.204218750000001,3.9853125,8280.0625
264965,-4.5984375,-6.897656250000001,5.2115625,8280.09375
264966,-5.8246875000000005,-8.737031250000001,5.67140625,8280.125
264967,-6.284531250000001,-9.656718750000001,4.44515625,8280.15625
264968,-6.897656250000001,-11.49609375,2.7590625,8280.1875
264969,-4.905,-11.3428125,3.5254687500000004,8280.21875
264970,-3.83203125,-12.875625000000001,3.83203125,8280.25
264971,-3.2189062500000003,-13.795312500000001,3.67875,8280.28125
264972,-3.0656250000000003,-13.182187500000001,3.5254687500000004,8280.3125
264973,-3.5254687500000004,-10.57640625,2.4525,8280.34375
264974,-3.0656250000000003,-11.03625,1.37953125,8280.375
264975,-3.0656250000000003,-11.03625,0.9196875,8280.40625
264976,-2.9123437500000002,-12.10921875,0.45984375,8280.4375
264977,-2.9123437500000002,-11.955937500000001,0.45984375,8280.46875
264978,-2.4525,-9.656718750000001,0.7664062500000001,8280.5
264979,-1.99265625,-8.58375,1.07296875,8280.53125
264980,-1.839375,-7.970625,1.37953125,8280.5625
264981,-1.5328125000000001,-8.123906250000001,1.5328125000000001,8280.59375
264982,-1.37953125,-8.123906250000001,1.6860937500000002,8280.625
264983,-1.07296875,-7.970625,1.99265625,8280.65625
264984,-1.22625,-8.123906250000001,2.4525,8280.6875
264985,-1.07296875,-8.2771875,2.60578125,8280.71875
264986,-1.07296875,-8.430468750000001,2.9123437500000002,8280.75
264987,-0.613125,-8.430468750000001,2.9123437500000002,8280.78125
264988,-0.7664062500000001,-9.196875,2.9123437500000002,8280.8125
264989,-1.37953125,-10.88296875,2.9123437500000002,8280.84375
264990,-1.6860937500000002,-11.18953125,2.9123437500000002,8280.875
264991,-2.4525,-10.26984375,3.2189062500000003,8280.90625
264992,-2.7590625,-10.7296875,3.67875,8280.9375
264993,-2.60578125,-11.80265625,4.44515625,8280.96875
264994,-1.839375,-13.02890625,3.67875,8281.0
264995,-0.9196875,-12.569062500000001,3.2189062500000003,8281.03125
264996,-0.613125,-10.1165625,2.60578125,8281.0625
264997,-0.613125,-9.043593750000001,2.60578125,8281.09375
264998,-1.6860937500000002,-7.970625,2.4525,8281.125
264999,-3.9853125,-8.123906250000001,1.839375,8281.15625
265000,-5.67140625,-8.123906250000001,1.839375,8281.1875
265001,-7.51078125,-8.123906250000001,2.4525,8281.21875
265002,-7.204218750000001,-7.51078125,3.5254687500000004,8281.25
265003,-6.591093750000001,-8.2771875,5.05828125,8281.28125
265004,-5.05828125,-10.26984375,4.291875,8281.3125
265005,-4.44515625,-11.03625,3.83203125,8281.34375
265006,-3.67875,-12.10921875,3.9853125,8281.375
265007,-3.5254687500000004,-13.64203125,3.67875,8281.40625
265008,-3.9853125,-15.0215625,2.4525,8281.4375
265009,-3.9853125,-12.10921875,2.1459375,8281.46875
265010,-3.67875,-10.57640625,1.37953125,8281.5
265011,-3.5254687500000004,-10.7296875,0.45984375,8281.53125
265012,-4.5984375,-11.49609375,0.613125,8281.5625
265013,-4.44515625,-10.7296875,-1.839375,8281.59375
265014,-3.2189062500000003,-11.649375000000001,0.15328125,8281.625
265015,-1.99265625,-10.26984375,0.613125,8281.65625
265016,-2.4525,-9.043593750000001,0.613125,8281.6875
265017,-2.29921875,-8.430468750000001,0.7664062500000001,8281.71875
265018,-2.29921875,-8.2771875,0.613125,8281.75
265019,-1.22625,-7.51078125,0.9196875,8281.78125
265020,-0.9196875,-7.204218750000001,1.22625,8281.8125
265021,-0.613125,-6.744375000000001,1.99265625,8281.84375
265022,-0.45984375,-6.437812500000001,2.4525,8281.875
265023,-0.613125,-6.284531250000001,2.7590625,8281.90625
265024,-1.6860937500000002,-7.970625,3.0656250000000003,8281.9375
265025,-2.1459375,-9.043593750000001,3.3721875000000003,8281.96875
265026,-2.60578125,-13.02890625,3.2189062500000003,8282.0
265027,-3.0656250000000003,-14.101875000000001,2.9123437500000002,8282.03125
265028,-4.291875,-13.02890625,3.83203125,8282.0625
265029,-4.75171875,-11.649375000000001,3.5254687500000004,8282.09375
265030,-5.8246875000000005,-11.649375000000001,2.7590625,8282.125
265031,-6.284531250000001,-10.26984375,1.5328125000000001,8282.15625
265032,-5.36484375,-10.423125,1.5328125000000001,8282.1875
265033,-3.5254687500000004,-9.656718750000001,1.22625,8282.21875
265034,-3.5254687500000004,-7.970625,1.07296875,8282.25
265035,-3.67875,-7.3575,0.9196875,8282.28125
265036,-4.44515625,-6.897656250000001,0.9196875,8282.3125
265037,-4.75171875,-7.050937500000001,1.07296875,8282.34375
265038,-4.75171875,-7.51078125,1.99265625,8282.375
265039,-4.44515625,-7.3575,2.7590625,8282.40625
265040,-4.44515625,-7.6640625,2.9123437500000002,8282.4375
265041,-4.44515625,-9.196875,3.2189062500000003,8282.46875
265042,-4.5984375,-10.57640625,3.3721875000000003,8282.5
265043,-3.9853125,-12.41578125,3.3721875000000003,8282.53125
265044,-1.99265625,-12.10921875,3.2189062500000003,8282.5625
265045,-2.7590625,-12.72234375,2.9123437500000002,8282.59375
265046,-4.905,-11.80265625,2.29921875,8282.625
265047,-4.75171875,-10.57640625,1.99265625,8282.65625
265048,-4.291875,-9.656718750000001,0.613125,8282.6875
265049,-3.83203125,-10.7296875,0.45984375,8282.71875
265050,-3.67875,-11.49609375,-0.15328125,8282.75
265051,-3.9853125,-12.41578125,0.3065625,8282.78125
265052,-3.2189062500000003,-9.5034375,0.0,8282.8125
265053,-2.29921875,-7.970625,-0.3065625,8282.84375
265054,-2.9123437500000002,-9.196875,0.15328125,8282.875
265055,-2.4525,-8.123906250000001,0.3065625,8282.90625
265056,-2.1459375,-7.6640625,0.3065625,8282.9375
265057,-1.839375,-8.123906250000001,0.613125,8282.96875
265058,-2.29921875,-7.970625,0.9196875,8283.0
265059,-1.6860937500000002,-8.430468750000001,1.5328125000000001,8283.03125
265060,-1.6860937500000002,-9.043593750000001,1.839375,8283.0625
265061,-1.6860937500000002,-9.5034375,2.29921875,8283.09375
265062,-1.6860937500000002,-9.350156250000001,2.29921875,8283.125
265063,-1.5328125000000001,-10.423125,2.60578125,8283.15625
265064,-1.6860937500000002,-11.49609375,2.1459375,8283.1875
265065,-1.6860937500000002,-12.10921875,2.1459375,8283.21875
265066,-2.7590625,-11.649375000000001,2.60578125,8283.25
265067,-3.5254687500000004,-11.3428125,3.0656250000000003,8283.28125
265068,-5.05828125,-10.7296875,3.3721875000000003,8283.3125
265069,-4.5984375,-11.03625,2.4525,8283.34375
265070,-3.3721875000000003,-10.88296875,2.1459375,8283.375
265071,-0.9196875,-9.196875,1.99265625,8283.40625
265072,-0.3065625,-8.737031250000001,1.99265625,8283.4375
265073,-0.7664062500000001,-7.6640625,2.1459375,8283.46875
265074,-2.29921875,-7.6640625,2.7590625,8283.5
265075,-3.2189062500000003,-7.6640625,3.0656250000000003,8283.53125
265076,-3.83203125,-7.6640625,4.291875,8283.5625
265077,-3.67875,-7.050937500000001,4.75171875,8283.59375
265078,-4.291875,-8.123906250000001,4.291875,8283.625
265079,-5.05828125,-9.96328125,3.9853125,8283.65625
265080,-5.05828125,-10.88296875,3.9853125,8283.6875
265081,-4.44515625,-11.49609375,4.291875,8283.71875
265082,-3.9853125,-12.875625000000001,4.291875,8283.75
265083,-3.67875,-14.25515625,3.3721875000000003,8283.78125
265084,-3.0656250000000003,-12.41578125,2.7590625,8283.8125
265085,-2.7590625,-10.1165625,2.29921875,8283.84375
265086,-2.1459375,-9.5034375,1.22625,8283.875
265087,-2.7590625,-9.81,0.7664062500000001,8283.90625
265088,-3.5254687500000004,-11.03625,0.0,8283.9375
265089,-3.3721875000000003,-10.1165625,0.15328125,8283.96875
265090,-2.9123437500000002,-9.350156250000001,0.3065625,8284.0
265091,-2.29921875,-8.737031250000001,1.07296875,8284.03125
265092,-1.99265625,-8.430468750000001,1.22625,8284.0625
265093,-1.6860937500000002,-8.2771875,1.5328125000000001,8284.09375
265094,-1.07296875,-8.123906250000001,1.6860937500000002,8284.125
265095,-0.9196875,-8.123906250000001,1.839375,8284.15625
265096,-1.07296875,-7.970625,2.4525,8284.1875
265097,-1.07296875,-8.2771875,2.60578125,8284.21875
265098,-1.07296875,-9.043593750000001,2.7590625,8284.25
265099,-1.37953125,-9.350156250000001,3.0656250000000003,8284.28125
265100,-1.6860937500000002,-9.81,3.2189062500000003,8284.3125
265101,-1.6860937500000002,-11.80265625,2.9123437500000002,8284.34375
265102,-1.839375,-11.49609375,2.9123437500000002,8284.375
265103,-2.29921875,-10.423125,3.5254687500000004,8284.40625
265104,-3.2189062500000003,-9.5034375,3.67875,8284.4375
265105,-3.9853125,-9.96328125,3.2189062500000003,8284.46875
265106,-5.518125,-10.423125,2.29921875,8284.5
265107,-4.5984375,-11.955937500000001,1.99265625,8284.53125
265108,-3.5254687500000004,-11.18953125,2.1459375,8284.5625
265109,-2.60578125,-8.430468750000001,1.99265625,8284.59375
265110,-2.7590625,-7.6640625,1.6860937500000002,8284.625
265111,-3.9853125,-7.050937500000001,1.37953125,8284.65625
265112,-4.44515625,-7.050937500000001,1.6860937500000002,8284.6875
265113,-4.44515625,-7.3575,2.29921875,8284.71875
265114,-4.13859375,-7.3575,3.3721875000000003,8284.75
265115,-4.291875,-7.51078125,3.5254687500000004,8284.78125
265116,-4.5984375,-8.8903125,3.5254687500000004,8284.8125
265117,-4.75171875,-9.81,3.5254687500000004,8284.84375
265118,-4.44515625,-11.649375000000001,3.67875,8284.875
265119,-4.291875,-11.955937500000001,3.3721875000000003,8284.90625
265120,-4.291875,-13.488750000000001,3.2189062500000003,8284.9375
265121,-4.13859375,-13.02890625,2.60578125,8284.96875
265122,-3.67875,-12.41578125,2.29921875,8285.0
265123,-2.9123437500000002,-9.350156250000001,1.5328125000000001,8285.03125
265124,-2.9123437500000002,-9.81,0.7664062500000001,8285.0625
265125,-3.2189062500000003,-10.26984375,0.3065625,8285.09375
265126,-3.9853125,-11.49609375,0.45984375,8285.125
265127,-4.13859375,-11.18953125,0.3065625,8285.15625
265128,-2.7590625,-8.737031250000001,0.613125,8285.1875
265129,-1.99265625,-7.970625,1.07296875,8285.21875
265130,-2.1459375,-7.6640625,1.07296875,8285.25
265131,-1.37953125,-7.050937500000001,1.07296875,8285.28125
265132,-1.07296875,-7.6640625,0.9196875,8285.3125
265133,-1.5328125000000001,-7.81734375,1.22625,8285.34375
265134,-1.839375,-8.2771875,1.99265625,8285.375
265135,-1.839375,-8.58375,2.1459375,8285.40625
265136,-1.37953125,-9.656718750000001,2.60578125,8285.4375
265137,-1.22625,-10.1165625,2.9123437500000002,8285.46875
265138,-1.37953125,-10.88296875,3.0656250000000003,8285.5
265139,-1.37953125,-12.72234375,2.9123437500000002,8285.53125
265140,-1.5328125000000001,-12.875625000000001,2.60578125,8285.5625
265141,-2.29921875,-11.3428125,2.9123437500000002,8285.59375
265142,-2.7590625,-10.7296875,2.9123437500000002,8285.625
265143,-3.67875,-10.26984375,2.9123437500000002,8285.65625
265144,-3.83203125,-10.423125,2.60578125,8285.6875
265145,-3.0656250000000003,-11.18953125,2.29921875,8285.71875
265146,-1.5328125000000001,-9.5034375,1.839375,8285.75
265147,-1.22625,-8.8903125,1.6860937500000002,8285.78125
265148,-1.07296875,-7.6640625,1.5328125000000001,8285.8125
265149,-1.99265625,-7.050937500000001,1.839375,8285.84375
265150,-2.60578125,-7.204218750000001,2.4525,8285.875
265151,-3.2189062500000003,-7.3575,3.67875,8285.90625
265152,-3.83203125,-7.204218750000001,4.291875,8285.9375
265153,-4.905,-7.51078125,4.75171875,8285.96875
265154,-5.36484375,-9.5034375,3.83203125,8286.0
265155,-5.8246875000000005,-11.03625,3.83203125,8286.03125
265156,-5.36484375,-11.955937500000001,4.13859375,8286.0625
265157,-4.905,-12.262500000000001,4.13859375,8286.09375
265158,-3.83203125,-13.33546875,3.83203125,8286.125
265159,-3.3721875000000003,-12.72234375,2.9123437500000002,8286.15625
265160,-3.2189062500000003,-10.1165625,2.4525,8286.1875
265161,-3.2189062500000003,-9.5034375,0.9196875,8286.21875
265162,-3.2189062500000003,-9.96328125,0.613125,8286.25
265163,-3.3721875000000003,-10.7296875,0.3065625,8286.28125
265164,-3.3721875000000003,-10.423125,0.3065625,8286.3125
265165,-2.9123437500000002,-9.5034375,0.45984375,8286.34375
265166,-2.29921875,-8.58375,0.7664062500000001,8286.375
265167,-2.29921875,-8.123906250000001,0.9196875,8286.40625
265168,-2.1459375,-7.81734375,1.22625,8286.4375
265169,-1.839375,-7.81734375,1.37953125,8286.46875
265170,-1.5328125000000001,-8.123906250000001,1.5328125000000001,8286.5
265171,-1.37953125,-8.2771875,2.1459375,8286.53125
265172,-1.22625,-8.8903125,2.4525,8286.5625
265173,-1.22625,-9.81,3.0656250000000003,8286.59375
265174,-1.07296875,-10.1165625,3.3721875000000003,8286.625
265175,-1.22625,-9.96328125,3.67875,8286.65625
265176,-1.22625,-11.49609375,3.3721875000000003,8286.6875
265177,-1.37953125,-11.649375000000001,3.0656250000000003,8286.71875
265178,-1.99265625,-10.1165625,2.7590625,8286.75
265179,-3.2189062500000003,-9.81,3.3721875000000003,8286.78125
265180,-3.2189062500000003,-9.81,3.83203125,8286.8125
265181,-2.9123437500000002,-10.26984375,3.67875,8286.84375
265182,-2.4525,-11.18953125,3.5254687500000004,8286.875
265183,-1.37953125,-10.57640625,3.2189062500000003,8286.90625
265184,-0.613125,-9.043593750000001,2.60578125,8286.9375
265185,-0.7664062500000001,-8.430468750000001,2.29921875,8286.96875
265186,-1.5328125000000001,-7.6640625,1.6860937500000002,8287.0
265187,-2.29921875,-7.81734375,1.5328125000000001,8287.03125
265188,-3.9853125,-7.81734375,2.1459375,8287.0625
265189,-4.13859375,-7.3575,3.83203125,8287.09375
265190,-4.13859375,-7.51078125,4.5984375,8287.125
265191,-4.291875,-8.737031250000001,5.05828125,8287.15625
265192,-4.44515625,-9.5034375,4.5984375,8287.1875
265193,-4.44515625,-11.3428125,4.13859375,8287.21875
265194,-4.44515625,-11.80265625,4.291875,8287.25
265195,-3.9853125,-12.875625000000001,4.13859375,8287.28125
265196,-3.83203125,-13.33546875,3.5254687500000004,8287.3125
265197,-3.83203125,-13.02890625,3.0656250000000003,8287.34375
265198,-3.2189062500000003,-9.81,2.29921875,8287.375
265199,-2.9123437500000002,-10.7296875,0.9196875,8287.40625
265200,-3.2189062500000003,-10.88296875,0.45984375,8287.4375
265201,-3.67875,-11.3428125,0.3065625,8287.46875
265202,-3.67875,-11.649375000000001,0.3065625,8287.5
265203,-3.0656250000000003,-9.656718750000001,0.9196875,8287.53125
265204,-2.4525,-8.58375,1.37953125,8287.5625
265205,-2.1459375,-8.2771875,1.37953125,8287.59375
265206,-1.6860937500000002,-8.2771875,1.37953125,8287.625
265207,-1.22625,-8.123906250000001,1.37953125,8287.65625
265208,-1.07296875,-7.51078125,1.839375,8287.6875
265209,-1.22625,-7.204218750000001,2.1459375,8287.71875
265210,-1.22625,-7.3575,2.29921875,8287.75
265211,-0.9196875,-8.2771875,2.4525,8287.78125
265212,-0.9196875,-8.737031250000001,2.60578125,8287.8125
265213,-1.37953125,-9.96328125,3.0656250000000003,8287.84375
265214,-1.839375,-12.41578125,2.9123437500000002,8287.875
265215,-1.99265625,-12.569062500000001,2.60578125,8287.90625
265216,-3.0656250000000003,-11.649375000000001,3.0656250000000003,8287.9375
265217,-3.83203125,-10.423125,3.83203125,8287.96875
265218,-3.67875,-10.1165625,4.44515625,8288.0
265219,-1.99265625,-10.26984375,3.83203125,8288.03125
265220,-1.839375,-10.7296875,3.0656250000000003,8288.0625
265221,-1.6860937500000002,-11.03625,2.29921875,8288.09375
265222,-1.839375,-9.656718750000001,2.29921875,8288.125
265223,-2.29921875,-8.2771875,2.29921875,8288.15625
265224,-2.60578125,-6.744375000000001,2.60578125,8288.1875
265225,-3.3721875000000003,-6.744375000000001,2.60578125,8288.21875
265226,-6.897656250000001,-7.3575,1.6860937500000002,8288.25
265227,-8.8903125,-7.3575,1.6860937500000002,8288.28125
265228,-7.81734375,-6.591093750000001,3.3721875000000003,8288.3125
265229,-7.204218750000001,-8.123906250000001,3.5254687500000004,8288.34375
265230,-7.3575,-9.196875,2.9123437500000002,8288.375
265231,-6.897656250000001,-10.88296875,1.839375,8288.40625
265232,-6.744375000000001,-11.03625,1.37953125,8288.4375
265233,-6.897656250000001,-13.64203125,0.45984375,8288.46875
265234,-6.591093750000001,-15.0215625,0.0,8288.5
265235,-5.518125,-13.94859375,0.45984375,8288.53125
265236,-4.75171875,-11.3428125,-1.07296875,8288.5625
265237,-0.613125,-8.123906250000001,-0.15328125,8288.59375
265238,-3.3721875000000003,-11.649375000000001,0.15328125,8288.625
265239,-1.22625,-9.196875,0.45984375,8288.65625
265240,-1.5328125000000001,-8.430468750000001,0.3065625,8288.6875
265241,-2.60578125,-7.204218750000001,0.7664062500000001,8288.71875
265242,-2.9123437500000002,-7.050937500000001,0.7664062500000001,8288.75
265243,-2.1459375,-6.591093750000001,1.5328125000000001,8288.78125
265244,-0.7664062500000001,-6.897656250000001,2.29921875,8288.8125
265245,-0.9196875,-7.050937500000001,2.60578125,8288.84375
265246,-1.99265625,-6.897656250000001,2.7590625,8288.875
265247,-2.60578125,-7.3575,2.60578125,8288.90625
265248,-3.2189062500000003,-9.043593750000001,2.4525,8288.9375
265249,-3.67875,-11.03625,2.4525,8288.96875
265250,-3.9853125,-11.649375000000001,2.7590625,8289.0
265251,-3.5254687500000004,-13.02890625,2.1459375,8289.03125
265252,-3.2189062500000003,-13.94859375,1.99265625,8289.0625
265253,-4.905,-11.49609375,2.9123437500000002,8289.09375
265254,-4.905,-9.5034375,3.2189062500000003,8289.125
265255,-4.44515625,-9.350156250000001,2.9123437500000002,8289.15625
265256,-4.13859375,-8.2771875,2.1459375,8289.1875
265257,-3.83203125,-8.737031250000001,1.6860937500000002,8289.21875
265258,-3.2189062500000003,-9.81,1.5328125000000001,8289.25
265259,-2.29921875,-7.970625,1.37953125,8289.28125
265260,-1.99265625,-7.51078125,1.22625,8289.3125
265261,-2.7590625,-6.284531250000001,1.5328125000000001,8289.34375
265262,-3.3721875000000003,-6.284531250000001,1.37953125,8289.375
265263,-4.75171875,-7.204218750000001,1.6860937500000002,8289.40625
265264,-5.36484375,-7.6640625,2.1459375,8289.4375
265265,-5.05828125,-7.81734375,2.4525,8289.46875
265266,-4.905,-8.737031250000001,2.60578125,8289.5
265267,-5.05828125,-10.423125,3.3721875000000003,8289.53125
265268,-4.75171875,-11.3428125,3.67875,8289.5625
265269,-3.67875,-10.7296875,3.67875,8289.59375
265270,-3.5254687500000004,-11.49609375,3.5254687500000004,8289.625
265271,-4.291875,-12.72234375,2.9123437500000002,8289.65625
265272,-5.05828125,-12.569062500000001,2.1459375,8289.6875
265273,-3.9853125,-9.96328125,1.37953125,8289.71875
265274,-3.3721875000000003,-9.350156250000001,0.7664062500000001,8289.75
265275,-3.3721875000000003,-9.81,0.7664062500000001,8289.78125
265276,-3.0656250000000003,-10.26984375,0.9196875,8289.8125
265277,-3.83203125,-11.649375000000001,0.45984375,8289.84375
265278,-3.0656250000000003,-9.81,0.45984375,8289.875
265279,-2.7590625,-8.58375,0.9196875,8289.90625
265280,-2.29921875,-8.2771875,1.07296875,8289.9375
265281,-2.1459375,-7.204218750000001,0.9196875,8289.96875
265282,-1.5328125000000001,-7.204218750000001,0.9196875,8290.0
265283,-1.839375,-7.81734375,1.07296875,8290.03125
265284,-1.839375,-7.51078125,1.839375,8290.0625
265285,-1.839375,-7.970625,2.1459375,8290.09375
265286,-1.99265625,-9.96328125,2.4525,8290.125
265287,-1.6860937500000002,-9.81,2.7590625,8290.15625
265288,-1.6860937500000002,-10.26984375,3.0656250000000003,8290.1875
265289,-1.6860937500000002,-12.569062500000001,2.9123437500000002,8290.21875
265290,-1.5328125000000001,-13.33546875,2.60578125,8290.25
265291,-2.4525,-12.569062500000001,2.60578125,8290.28125
265292,-3.5254687500000004,-9.043593750000001,3.2189062500000003,8290.3125
265293,-3.9853125,-7.970625,3.3721875000000003,8290.34375
265294,-3.67875,-8.2771875,2.7590625,8290.375
265295,-3.0656250000000003,-9.196875,2.1459375,8290.40625
265296,-1.839375,-11.49609375,1.99265625,8290.4375
265297,-1.6860937500000002,-8.8903125,2.4525,8290.46875
265298,-1.5328125000000001,-8.430468750000001,2.29921875,8290.5
265299,-1.99265625,-7.050937500000001,1.99265625,8290.53125
265300,-2.4525,-6.897656250000001,1.99265625,8290.5625
265301,-3.2189062500000003,-7.204218750000001,2.4525,8290.59375
265302,-3.0656250000000003,-7.3575,3.5254687500000004,8290.625
265303,-3.0656250000000003,-7.51078125,3.9853125,8290.65625
265304,-3.3721875000000003,-8.123906250000001,4.5984375,8290.6875
265305,-3.3721875000000003,-9.043593750000001,4.5984375,8290.71875
265306,-3.3721875000000003,-11.49609375,4.291875,8290.75
265307,-3.67875,-11.649375000000001,4.291875,8290.78125
265308,-3.83203125,-12.41578125,4.13859375,8290.8125
265309,-3.67875,-12.72234375,3.5254687500000004,8290.84375
265310,-3.67875,-13.795312500000001,3.0656250000000003,8290.875
265311,-3.0656250000000003,-10.1165625,2.29921875,8290.90625
265312,-2.60578125,-9.043593750000001,1.37953125,8290.9375
265313,-2.60578125,-9.043593750000001,1.22625,8290.96875
265314,-2.60578125,-10.1165625,0.7664062500000001,8291.0
265315,-2.60578125,-10.26984375,0.613125,8291.03125
265316,-2.29921875,-8.737031250000001,0.7664062500000001,8291.0625
265317,-1.99265625,-8.2771875,0.9196875,8291.09375
265318,-1.99265625,-8.123906250000001,1.07296875,8291.125
265319,-1.99265625,-7.970625,1.22625,8291.15625
265320,-1.6860937500000002,-7.970625,1.37953125,8291.1875
265321,-1.6860937500000002,-8.737031250000001,1.37953125,8291.21875
265322,-1.99265625,-8.737031250000001,1.99265625,8291.25
265323,-1.99265625,-9.196875,2.29921875,8291.28125
265324,-1.99265625,-9.81,2.60578125,8291.3125
265325,-1.839375,-9.96328125,2.7590625,8291.34375
265326,-1.07296875,-10.57640625,2.7590625,8291.375
265327,-1.07296875,-11.649375000000001,2.7590625,8291.40625
265328,-1.5328125000000001,-11.80265625,2.60578125,8291.4375
265329,-2.29921875,-10.7296875,2.9123437500000002,8291.46875
265330,-2.7590625,-9.81,3.0656250000000003,8291.5
265331,-3.5254687500000004,-9.5034375,3.3721875000000003,8291.53125
265332,-3.2189062500000003,-10.1165625,3.2189062500000003,8291.5625
265333,-2.4525,-11.18953125,2.9123437500000002,8291.59375
265334,-0.9196875,-10.1165625,2.60578125,8291.625
265335,-0.45984375,-9.196875,2.4525,8291.65625
265336,-0.613125,-7.6640625,2.1459375,8291.6875
265337,-2.1459375,-7.050937500000001,1.839375,8291.71875
265338,-3.0656250000000003,-7.204218750000001,1.99265625,8291.75
265339,-3.83203125,-7.51078125,2.60578125,8291.78125
265340,-3.83203125,-7.51078125,3.0656250000000003,8291.8125
265341,-4.44515625,-7.81734375,3.83203125,8291.84375
265342,-4.291875,-9.5034375,3.67875,8291.875
265343,-3.9853125,-10.7296875,3.83203125,8291.90625
265344,-3.67875,-11.80265625,3.9853125,8291.9375
265345,-3.2189062500000003,-11.80265625,3.9853125,8291.96875
265346,-2.7590625,-13.488750000000001,3.67875,8292.0
265347,-3.2189062500000003,-14.408437500000002,3.0656250000000003,8292.03125
265348,-3.0656250000000003,-12.41578125,2.7590625,8292.0625
265349,-2.4525,-8.737031250000001,1.5328125000000001,8292.09375
265350,-2.1459375,-9.196875,1.5328125000000001,8292.125
265351,-2.29921875,-9.043593750000001,1.07296875,8292.15625
265352,-2.4525,-9.96328125,0.9196875,8292.1875
265353,-2.29921875,-9.350156250000001,0.9196875,8292.21875
265354,-2.7590625,-8.737031250000001,1.07296875,8292.25
265355,-2.9123437500000002,-8.737031250000001,0.9196875,8292.28125
265356,-2.4525,-8.123906250000001,1.22625,8292.3125
265357,-1.99265625,-8.123906250000001,1.37953125,8292.34375
265358,-1.839375,-8.123906250000001,1.37953125,8292.375
265359,-1.5328125000000001,-7.81734375,1.99265625,8292.40625
265360,-1.37953125,-7.970625,2.1459375,8292.4375
265361,-1.5328125000000001,-8.737031250000001,2.7590625,8292.46875
265362,-1.37953125,-9.656718750000001,3.0656250000000003,8292.5
265363,-1.37953125,-9.81,3.0656250000000003,8292.53125
265364,-1.07296875,-11.80265625,3.0656250000000003,8292.5625
265365,-1.07296875,-12.10921875,2.9123437500000002,8292.59375
265366,-2.1459375,-12.72234375,3.0656250000000003,8292.625
265367,-3.9853125,-9.656718750000001,3.5254687500000004,8292.65625
265368,-4.905,-9.350156250000001,3.5254687500000004,8292.6875
265369,-4.75171875,-9.350156250000001,2.9123437500000002,8292.71875
265370,-4.13859375,-9.5034375,2.4525,8292.75
265371,-2.7590625,-11.18953125,1.839375,8292.78125
265372,-2.60578125,-8.737031250000001,2.4525,8292.8125
265373,-2.60578125,-8.123906250000001,2.29921875,8292.84375
265374,-3.5254687500000004,-6.897656250000001,1.99265625,8292.875
265375,-3.9853125,-6.744375000000001,2.29921875,8292.90625
265376,-3.3721875000000003,-7.050937500000001,2.7590625,8292.9375
265377,-3.3721875000000003,-7.204218750000001,3.5254687500000004,8292.96875
265378,-3.83203125,-7.204218750000001,3.67875,8293.0
265379,-3.67875,-8.123906250000001,4.13859375,8293.03125
265380,-3.5254687500000004,-9.043593750000001,4.13859375,8293.0625
265381,-3.5254687500000004,-11.49609375,4.13859375,8293.09375
265382,-3.67875,-11.3428125,3.83203125,8293.125
265383,-3.9853125,-12.262500000000001,3.5254687500000004,8293.15625
265384,-4.5984375,-13.02890625,2.7590625,8293.1875
265385,-4.5984375,-13.33546875,2.29921875,8293.21875
265386,-3.67875,-9.350156250000001,1.6860937500000002,8293.25
265387,-3.2189062500000003,-8.2771875,1.07296875,8293.28125
265388,-3.5254687500000004,-8.8903125,0.45984375,8293.3125
265389,-3.67875,-9.656718750000001,0.45984375,8293.34375
265390,-3.83203125,-10.26984375,0.15328125,8293.375
265391,-3.0656250000000003,-8.8903125,0.7664062500000001,8293.40625
265392,-3.0656250000000003,-8.58375,1.07296875,8293.4375
265393,-2.9123437500000002,-8.430468750000001,1.22625,8293.46875
265394,-2.1459375,-7.970625,1.37953125,8293.5
265395,-1.6860937500000002,-8.123906250000001,1.37953125,8293.53125
265396,-1.22625,-8.2771875,1.839375,8293.5625
265397,-1.6860937500000002,-7.81734375,2.4525,8293.59375
265398,-1.99265625,-8.430468750000001,2.4525,8293.625
265399,-2.1459375,-9.81,2.7590625,8293.65625
265400,-1.99265625,-10.26984375,2.60578125,8293.6875
265401,-1.6860937500000002,-10.88296875,3.0656250000000003,8293.71875
265402,-1.5328125000000001,-12.569062500000001,2.7590625,8293.75
265403,-1.6860937500000002,-12.569062500000001,2.4525,8293.78125
265404,-2.7590625,-11.49609375,2.29921875,8293.8125
265405,-3.2189062500000003,-10.1165625,2.4525,8293.84375
265406,-3.83203125,-9.043593750000001,3.0656250000000003,8293.875
265407,-3.2189062500000003,-9.043593750000001,3.0656250000000003,8293.90625
265408,-2.7590625,-10.1165625,2.9123437500000002,8293.9375
265409,-1.6860937500000002,-10.26984375,2.60578125,8293.96875
265410,-1.5328125000000001,-9.350156250000001,2.4525,8294.0
265411,-1.5328125000000001,-7.970625,1.839375,8294.03125
265412,-2.4525,-6.744375000000001,1.5328125000000001,8294.0625
265413,-2.9123437500000002,-6.744375000000001,1.6860937500000002,8294.09375
265414,-3.5254687500000004,-7.050937500000001,2.60578125,8294.125
265415,-3.3721875000000003,-7.204218750000001,3.3721875000000003,8294.15625
265416,-3.83203125,-7.51078125,4.75171875,8294.1875
265417,-4.5984375,-8.737031250000001,4.5984375,8294.21875
265418,-4.75171875,-9.656718750000001,4.291875,8294.25
265419,-4.75171875,-11.80265625,4.13859375,8294.28125
265420,-4.5984375,-11.3428125,4.291875,8294.3125
265421,-4.44515625,-12.72234375,4.13859375,8294.34375
265422,-4.44515625,-12.569062500000001,3.3721875000000003,8294.375
265423,-4.291875,-12.262500000000001,2.7590625,8294.40625
265424,-3.67875,-9.043593750000001,1.839375,8294.4375
265425,-3.3721875000000003,-9.043593750000001,1.5328125000000001,8294.46875
265426,-3.0656250000000003,-9.96328125,1.07296875,8294.5
265427,-3.0656250000000003,-11.18953125,0.7664062500000001,8294.53125
265428,-2.9123437500000002,-11.03625,0.7664062500000001,8294.5625
265429,-2.60578125,-8.8903125,1.22625,8294.59375
265430,-2.29921875,-8.2771875,1.37953125,8294.625
265431,-1.839375,-7.3575,1.99265625,8294.65625
265432,-1.6860937500000002,-7.6640625,2.1459375,8294.6875
265433,-1.5328125000000001,-8.123906250000001,1.99265625,8294.71875
265434,-1.5328125000000001,-7.970625,2.29921875,8294.75
265435,-1.5328125000000001,-7.970625,2.60578125,8294.78125
265436,-1.839375,-8.58375,2.7590625,8294.8125
265437,-1.99265625,-9.656718750000001,2.9123437500000002,8294.84375
265438,-1.839375,-9.81,3.0656250000000003,8294.875
265439,-1.5328125000000001,-11.3428125,3.0656250000000003,8294.90625
265440,-1.6860937500000002,-11.80265625,3.0656250000000003,8294.9375
265441,-2.4525,-12.41578125,2.9123437500000002,8294.96875
265442,-2.7590625,-9.196875,3.5254687500000004,8295.0
265443,-2.9123437500000002,-8.737031250000001,3.83203125,8295.03125
265444,-2.60578125,-9.5034375,4.13859375,8295.0625
265445,-1.99265625,-9.81,3.83203125,8295.09375
265446,-1.07296875,-11.18953125,2.9123437500000002,8295.125
265447,-1.07296875,-9.350156250000001,2.29921875,8295.15625
265448,-1.37953125,-8.58375,2.29921875,8295.1875
265449,-2.1459375,-7.204218750000001,2.7590625,8295.21875
265450,-2.1459375,-6.897656250000001,3.2189062500000003,8295.25
265451,-2.7590625,-7.81734375,3.2189062500000003,8295.28125
265452,-4.905,-8.2771875,3.0656250000000003,8295.3125
265453,-5.9779687500000005,-7.81734375,3.0656250000000003,8295.34375
265454,-6.591093750000001,-8.430468750000001,2.9123437500000002,8295.375
265455,-5.9779687500000005,-9.196875,3.0656250000000003,8295.40625
265456,-5.518125,-10.88296875,3.5254687500000004,8295.4375
265457,-5.05828125,-12.10921875,3.9853125,8295.46875
265458,-4.5984375,-13.02890625,3.83203125,8295.5
265459,-4.75171875,-13.795312500000001,2.7590625,8295.53125
265460,-4.291875,-13.02890625,2.4525,8295.5625
265461,-3.83203125,-9.656718750000001,1.6860937500000002,8295.59375
265462,-3.67875,-9.81,0.7664062500000001,8295.625
265463,-3.67875,-9.043593750000001,0.45984375,8295.65625
265464,-3.67875,-10.26984375,0.15328125,8295.6875
265465,-2.9123437500000002,-9.656718750000001,0.15328125,8295.71875
265466,-3.3721875000000003,-8.430468750000001,1.07296875,8295.75
265467,-2.9123437500000002,-8.430468750000001,1.5328125000000001,8295.78125
265468,-2.60578125,-7.970625,1.5328125000000001,8295.8125
265469,-1.37953125,-7.970625,1.22625,8295.84375
265470,-1.22625,-8.2771875,1.22625,8295.875
265471,-1.37953125,-8.430468750000001,1.839375,8295.90625
265472,-1.37953125,-9.043593750000001,2.4525,8295.9375
265473,-1.22625,-9.350156250000001,2.7590625,8295.96875
265474,-1.22625,-9.96328125,2.7590625,8296.0
265475,-1.37953125,-9.81,2.7590625,8296.03125
265476,-1.839375,-11.3428125,2.4525,8296.0625
265477,-2.4525,-11.49609375,2.4525,8296.09375
265478,-3.0656250000000003,-11.18953125,2.9123437500000002,8296.125
265479,-3.3721875000000003,-9.350156250000001,3.83203125,8296.15625
265480,-3.83203125,-9.5034375,4.13859375,8296.1875
265481,-4.44515625,-9.350156250000001,3.9853125,8296.21875
265482,-3.3721875000000003,-11.18953125,2.60578125,8296.25
265483,-2.9123437500000002,-10.7296875,2.4525,8296.28125
265484,-2.9123437500000002,-8.2771875,2.60578125,8296.3125
265485,-2.7590625,-7.6640625,2.4525,8296.34375
265486,-3.5254687500000004,-6.437812500000001,2.4525,8296.375
265487,-3.67875,-6.591093750000001,2.9123437500000002,8296.40625
265488,-4.44515625,-6.744375000000001,2.9123437500000002,8296.4375
265489,-5.9779687500000005,-6.897656250000001,2.60578125,8296.46875
265490,-6.744375000000001,-7.050937500000001,2.60578125,8296.5
265491,-6.897656250000001,-8.2771875,3.0656250000000003,8296.53125
265492,-5.67140625,-9.81,3.2189062500000003,8296.5625
265493,-5.67140625,-10.7296875,3.2189062500000003,8296.59375
265494,-5.9779687500000005,-11.955937500000001,2.7590625,8296.625
265495,-6.284531250000001,-12.569062500000001,2.29921875,8296.65625
265496,-6.1312500000000005,-13.795312500000001,1.37953125,8296.6875
265497,-5.2115625,-10.57640625,1.07296875,8296.71875
265498,-4.13859375,-8.58375,0.9196875,8296.75
265499,-3.2189062500000003,-8.737031250000001,0.15328125,8296.78125
265500,-2.4525,-9.350156250000001,0.45984375,8296.8125
265501,-2.4525,-10.26984375,0.7664062500000001,8296.84375
265502,-2.60578125,-8.430468750000001,0.7664062500000001,8296.875
265503,-2.60578125,-7.81734375,0.9196875,8296.90625
265504,-2.4525,-7.81734375,1.22625,8296.9375
265505,-2.4525,-7.204218750000001,1.37953125,8296.96875
265506,-1.07296875,-7.3575,2.4525,8297.0
265507,-1.5328125000000001,-9.5034375,3.2189062500000003,8297.03125
265508,-3.9853125,-10.423125,3.83203125,8297.0625
265509,-12.875625000000001,-11.03625,4.44515625,8297.09375
265510,-14.715,-11.03625,5.05828125,8297.125
265511,-16.247812500000002,-10.1165625,5.9779687500000005,8297.15625
265512,-15.328125,-8.2771875,6.591093750000001,8297.1875
265513,-15.17484375,-7.3575,6.1312500000000005,8297.21875
265514,-14.101875000000001,-3.67875,3.83203125,8297.25
265515,-12.10921875,-1.37953125,3.3721875000000003,8297.28125
265516,-9.5034375,0.15328125,2.7590625,8297.3125
265517,-6.1312500000000005,-1.37953125,2.60578125,8297.34375
265518,-3.83203125,-1.07296875,2.4525,8297.375
265519,-0.7664062500000001,1.5328125000000001,1.37953125,8297.40625
265520,-0.3065625,2.29921875,1.07296875,8297.4375
265521,2.29921875,2.9123437500000002,2.4525,8297.46875
265522,2.9123437500000002,2.7590625,2.60578125,8297.5
265523,2.9123437500000002,3.3721875000000003,1.99265625,8297.53125
265524,2.4525,4.5984375,2.29921875,8297.5625
265525,2.7590625,5.518125,2.9123437500000002,8297.59375
265526,3.0656250000000003,7.3575,3.2189062500000003,8297.625
265527,1.839375,9.043593750000001,2.60578125,8297.65625
265528,0.15328125,9.81,3.2189062500000003,8297.6875
265529,0.45984375,9.5034375,4.75171875,8297.71875
265530,1.22625,9.043593750000001,5.67140625,8297.75
265531,-1.6860937500000002,10.423125,5.36484375,8297.78125
265532,0.7664062500000001,11.649375000000001,4.291875,8297.8125
265533,1.99265625,11.955937500000001,4.13859375,8297.84375
265534,2.29921875,9.656718750000001,3.2189062500000003,8297.875
265535,1.37953125,8.737031250000001,2.60578125,8297.90625
265536,1.839375,7.6640625,1.6860937500000002,8297.9375
265537,2.29921875,7.51078125,0.7664062500000001,8297.96875
265538,2.7590625,7.6640625,0.9196875,8298.0
265539,2.7590625,8.123906250000001,1.37953125,8298.03125
265540,1.99265625,8.2771875,1.37953125,8298.0625
265541,0.3065625,7.050937500000001,3.2189062500000003,8298.09375
265542,0.45984375,7.3575,2.29921875,8298.125
265543,-0.3065625,7.6640625,2.1459375,8298.15625
265544,1.99265625,8.430468750000001,3.5254687500000004,8298.1875
265545,2.7590625,9.196875,3.3721875000000003,8298.21875
265546,1.99265625,10.26984375,1.6860937500000002,8298.25
265547,2.4525,11.49609375,2.1459375,8298.28125
265548,1.99265625,10.88296875,2.7590625,8298.3125
265549,1.6860937500000002,12.10921875,3.2189062500000003,8298.34375
265550,1.22625,11.955937500000001,3.3721875000000003,8298.375
265551,1.839375,10.7296875,4.291875,8298.40625
265552,0.7664062500000001,10.26984375,4.5984375,8298.4375
265553,0.0,8.58375,3.9853125,8298.46875
265554,-1.22625,7.050937500000001,4.75171875,8298.5
265555,-1.839375,7.81734375,4.5984375,8298.53125
265556,-0.613125,7.81734375,3.0656250000000003,8298.5625
265557,1.37953125,7.81734375,1.839375,8298.59375
265558,1.839375,7.51078125,1.6860937500000002,8298.625
265559,2.7590625,7.3575,2.29921875,8298.65625
265560,1.99265625,7.6640625,1.6860937500000002,8298.6875
265561,2.60578125,7.970625,1.99265625,8298.71875
265562,3.0656250000000003,9.043593750000001,3.67875,8298.75
265563,0.7664062500000001,8.58375,3.67875,8298.78125
265564,-0.45984375,9.196875,5.05828125,8298.8125
265565,-0.45984375,9.196875,5.9779687500000005,8298.84375
265566,-1.839375,9.5034375,5.36484375,8298.875
265567,1.839375,9.81,2.4525,8298.90625
265568,2.1459375,10.1165625,1.99265625,8298.9375
265569,3.2189062500000003,8.8903125,3.5254687500000004,8298.96875
265570,3.67875,8.2771875,4.13859375,8299.0
265571,2.29921875,7.204218750000001,1.37953125,8299.03125
265572,1.07296875,6.1312500000000005,-0.45984375,8299.0625
265573,0.45984375,5.9779687500000005,-0.9196875,8299.09375
265574,-1.07296875,4.905,-0.3065625,8299.125
265575,-1.5328125000000001,3.9853125,0.0,8299.15625
265576,-2.4525,3.5254687500000004,0.45984375,8299.1875
265577,-4.13859375,2.4525,1.5328125000000001,8299.21875
265578,-4.905,1.839375,2.60578125,8299.25
265579,-8.430468750000001,-0.45984375,3.3721875000000003,8299.28125
265580,-7.6640625,-0.3065625,2.1459375,8299.3125
265581,-7.3575,-1.6860937500000002,1.07296875,8299.34375
265582,-7.204218750000001,-6.1312500000000005,2.29921875,8299.375
265583,-5.8246875000000005,-10.26984375,1.99265625,8299.40625
265584,-10.7296875,-16.860937500000002,-0.15328125,8299.4375
265585,-11.80265625,-18.087187500000002,1.22625,8299.46875
265586,-9.96328125,-19.62,2.29921875,8299.5
265587,-6.591093750000001,-17.474062500000002,2.1459375,8299.53125
265588,-4.75171875,-16.70765625,1.5328125000000001,8299.5625
265589,-5.9779687500000005,-12.875625000000001,1.22625,8299.59375
265590,-7.3575,-11.80265625,0.9196875,8299.625
265591,-7.3575,-8.123906250000001,0.15328125,8299.65625
265592,-6.284531250000001,-8.58375,-0.15328125,8299.6875
265593,-5.2115625,-9.5034375,0.3065625,8299.71875
265594,-3.67875,-8.58375,1.22625,8299.75
265595,-3.3721875000000003,-8.123906250000001,1.839375,8299.78125
265596,-3.3721875000000003,-7.204218750000001,2.9123437500000002,8299.8125
265597,-3.83203125,-6.897656250000001,3.0656250000000003,8299.84375
265598,-4.13859375,-7.3575,3.0656250000000003,8299.875
265599,-5.05828125,-7.51078125,3.2189062500000003,8299.90625
265600,-5.2115625,-7.204218750000001,3.3721875000000003,8299.9375
265601,-4.905,-8.2771875,3.83203125,8299.96875
265602,-4.44515625,-10.423125,3.5254687500000004,8300.0
265603,-4.291875,-11.49609375,3.3721875000000003,8300.03125
265604,-3.67875,-11.955937500000001,3.0656250000000003,8300.0625
265605,-3.3721875000000003,-13.02890625,2.9123437500000002,8300.09375
265606,-3.0656250000000003,-13.64203125,2.60578125,8300.125
265607,-2.9123437500000002,-12.10921875,2.29921875,8300.15625
265608,-2.7590625,-10.7296875,1.99265625,8300.1875
265609,-3.0656250000000003,-9.96328125,1.07296875,8300.21875
265610,-3.0656250000000003,-9.656718750000001,0.7664062500000001,8300.25
265611,-2.9123437500000002,-10.26984375,0.3065625,8300.28125
265612,-3.5254687500000004,-8.430468750000001,0.3065625,8300.3125
265613,-3.5254687500000004,-7.3575,0.7664062500000001,8300.34375
265614,-3.0656250000000003,-6.897656250000001,1.07296875,8300.375
265615,-3.0656250000000003,-6.591093750000001,1.37953125,8300.40625
265616,-2.7590625,-6.744375000000001,1.37953125,8300.4375
265617,-2.60578125,-7.6640625,1.37953125,8300.46875
265618,-2.4525,-7.51078125,1.5328125000000001,8300.5
265619,-2.4525,-7.970625,2.1459375,8300.53125
265620,-2.60578125,-8.58375,2.4525,8300.5625
265621,-2.4525,-10.1165625,3.0656250000000003,8300.59375
265622,-1.99265625,-10.57640625,3.2189062500000003,8300.625
265623,-1.6860937500000002,-11.80265625,2.9123437500000002,8300.65625
265624,-1.839375,-13.02890625,2.4525,8300.6875
265625,-2.4525,-13.488750000000001,2.29921875,8300.71875
265626,-3.67875,-11.03625,2.7590625,8300.75
265627,-4.75171875,-8.58375,2.9123437500000002,8300.78125
265628,-4.905,-8.2771875,2.9123437500000002,8300.8125
265629,-4.291875,-10.1165625,2.4525,8300.84375
265630,-3.0656250000000003,-10.88296875,2.1459375,8300.875
265631,-1.07296875,-9.196875,1.99265625,8300.90625
265632,-0.9196875,-8.58375,2.1459375,8300.9375
265633,-1.37953125,-7.970625,2.29921875,8300.96875
265634,-2.7590625,-7.51078125,2.60578125,8301.0
265635,-3.3721875000000003,-7.6640625,3.0656250000000003,8301.03125
265636,-3.9853125,-7.204218750000001,3.9853125,8301.0625
265637,-4.905,-7.050937500000001,4.291875,8301.09375
265638,-4.905,-7.6640625,4.13859375,8301.125
265639,-4.5984375,-9.81,3.3721875000000003,8301.15625
265640,-4.905,-11.03625,3.3721875000000003,8301.1875
265641,-4.5984375,-12.569062500000001,3.67875,8301.21875
265642,-4.44515625,-13.488750000000001,3.2189062500000003,8301.25
265643,-4.5984375,-13.795312500000001,3.0656250000000003,8301.28125
265644,-4.13859375,-11.03625,2.29921875,8301.3125
265645,-3.9853125,-10.57640625,1.839375,8301.34375
265646,-3.2189062500000003,-11.03625,1.22625,8301.375
265647,-2.4525,-11.649375000000001,0.9196875,8301.40625
265648,-2.29921875,-10.88296875,1.07296875,8301.4375
265649,-2.1459375,-8.2771875,1.37953125,8301.46875
265650,-2.29921875,-7.970625,1.22625,8301.5
265651,-2.1459375,-7.3575,1.22625,8301.53125
265652,-2.1459375,-7.3575,1.37953125,8301.5625
265653,-1.99265625,-7.51078125,1.37953125,8301.59375
265654,-1.6860937500000002,-7.51078125,1.5328125000000001,8301.625
265655,-1.5328125000000001,-7.3575,1.6860937500000002,8301.65625
265656,-1.6860937500000002,-7.81734375,2.1459375,8301.6875
265657,-1.6860937500000002,-9.196875,2.4525,8301.71875
265658,-1.6860937500000002,-9.81,2.60578125,8301.75
265659,-1.839375,-10.1165625,2.7590625,8301.78125
265660,-1.99265625,-11.3428125,2.4525,8301.8125
265661,-2.60578125,-12.262500000000001,2.1459375,8301.84375
265662,-4.291875,-11.649375000000001,2.60578125,8301.875
265663,-4.905,-10.88296875,3.3721875000000003,8301.90625
265664,-4.75171875,-9.5034375,4.44515625,8301.9375
265665,-4.5984375,-9.196875,4.13859375,8301.96875
265666,-2.29921875,-11.80265625,3.3721875000000003,8302.0
265667,-1.07296875,-10.26984375,3.5254687500000004,8302.03125
265668,-1.22625,-9.350156250000001,3.5254687500000004,8302.0625
265669,-1.22625,-7.51078125,3.83203125,8302.09375
265670,-1.6860937500000002,-6.744375000000001,3.83203125,8302.125
265671,-3.5254687500000004,-6.591093750000001,3.2189062500000003,8302.15625
265672,-5.67140625,-6.437812500000001,2.9123437500000002,8302.1875
265673,-6.1312500000000005,-6.284531250000001,2.9123437500000002,8302.21875
265674,-5.9779687500000005,-6.437812500000001,3.2189062500000003,8302.25
265675,-5.67140625,-6.897656250000001,3.2189062500000003,8302.28125
265676,-5.05828125,-8.8903125,2.9123437500000002,8302.3125
265677,-5.05828125,-11.955937500000001,2.4525,8302.34375
265678,-5.05828125,-13.02890625,2.4525,8302.375
265679,-4.905,-14.408437500000002,2.1459375,8302.40625
265680,-4.75171875,-15.0215625,1.839375,8302.4375
265681,-3.9853125,-11.03625,1.6860937500000002,8302.46875
265682,-2.9123437500000002,-9.196875,0.7664062500000001,8302.5
265683,-2.7590625,-9.656718750000001,0.7664062500000001,8302.53125
265684,-2.7590625,-9.656718750000001,0.3065625,8302.5625
265685,-2.60578125,-9.5034375,0.613125,8302.59375
265686,-2.7590625,-7.204218750000001,0.9196875,8302.625
265687,-2.9123437500000002,-6.591093750000001,0.7664062500000001,8302.65625
265688,-2.7590625,-6.437812500000001,0.9196875,8302.6875
265689,-2.7590625,-7.050937500000001,1.07296875,8302.71875
265690,-2.4525,-7.3575,1.07296875,8302.75
265691,-1.839375,-8.430468750000001,1.22625,8302.78125
265692,-1.5328125000000001,-9.350156250000001,1.99265625,8302.8125
265693,-1.5328125000000001,-9.81,2.4525,8302.84375
265694,-1.22625,-10.7296875,2.9123437500000002,8302.875
265695,-1.22625,-11.03625,2.9123437500000002,8302.90625
265696,-1.37953125,-12.72234375,2.1459375,8302.9375
265697,-1.99265625,-13.182187500000001,1.6860937500000002,8302.96875
265698,-2.4525,-12.72234375,1.6860937500000002,8303.0
265699,-4.13859375,-9.96328125,2.60578125,8303.03125
265700,-4.75171875,-9.5034375,2.9123437500000002,8303.0625
265701,-4.291875,-9.350156250000001,3.3721875000000003,8303.09375
265702,-1.5328125000000001,-9.81,3.3721875000000003,8303.125
265703,-0.3065625,-8.8903125,3.3721875000000003,8303.15625
265704,-0.613125,-8.123906250000001,2.7590625,8303.1875
265705,-0.613125,-7.970625,2.60578125,8303.21875
265706,-1.839375,-7.204218750000001,2.4525,8303.25
265707,-2.7590625,-7.81734375,2.7590625,8303.28125
265708,-3.3721875000000003,-8.430468750000001,3.2189062500000003,8303.3125
265709,-4.291875,-7.6640625,3.9853125,8303.34375
265710,-4.905,-7.204218750000001,4.13859375,8303.375
265711,-5.518125,-8.2771875,3.83203125,8303.40625
265712,-5.2115625,-10.1165625,3.2189062500000003,8303.4375
265713,-4.905,-11.18953125,3.2189062500000003,8303.46875
265714,-4.291875,-12.875625000000001,3.5254687500000004,8303.5
265715,-3.83203125,-13.64203125,3.3721875000000003,8303.53125
265716,-3.67875,-13.33546875,3.2189062500000003,8303.5625
265717,-3.3721875000000003,-8.8903125,2.1459375,8303.59375
265718,-3.67875,-7.81734375,1.37953125,8303.625
265719,-3.67875,-9.5034375,0.45984375,8303.65625
265720,-3.5254687500000004,-9.96328125,0.3065625,8303.6875
265721,-3.0656250000000003,-10.423125,0.3065625,8303.71875
265722,-3.0656250000000003,-8.8903125,0.7664062500000001,8303.75
265723,-2.9123437500000002,-8.737031250000001,0.9196875,8303.78125
265724,-2.29921875,-8.430468750000001,1.22625,8303.8125
265725,-2.1459375,-8.58375,1.37953125,8303.84375
265726,-1.6860937500000002,-9.043593750000001,1.37953125,8303.875
265727,-1.22625,-9.196875,1.6860937500000002,8303.90625
265728,-1.37953125,-9.350156250000001,1.99265625,8303.9375
265729,-1.5328125000000001,-10.7296875,2.7590625,8303.96875
265730,-1.5328125000000001,-11.18953125,2.9123437500000002,8304.0
265731,-1.22625,-10.57640625,2.7590625,8304.03125
265732,-0.9196875,-10.1165625,2.7590625,8304.0625
265733,-1.07296875,-10.1165625,2.60578125,8304.09375
265734,-1.99265625,-9.96328125,2.29921875,8304.125
265735,-2.4525,-9.5034375,2.4525,8304.15625
265736,-3.83203125,-8.58375,3.0656250000000003,8304.1875
265737,-4.291875,-9.043593750000001,3.3721875000000003,8304.21875
265738,-3.9853125,-9.350156250000001,3.0656250000000003,8304.25
265739,-2.60578125,-11.49609375,2.4525,8304.28125
265740,-2.29921875,-11.03625,2.60578125,8304.3125
265741,-1.6860937500000002,-9.656718750000001,2.29921875,8304.34375
265742,-2.29921875,-8.123906250000001,2.1459375,8304.375
265743,-2.60578125,-7.51078125,2.1459375,8304.40625
265744,-3.3721875000000003,-8.430468750000001,2.60578125,8304.4375
265745,-3.9853125,-8.58375,3.3721875000000003,8304.46875
265746,-4.291875,-7.6640625,4.291875,8304.5
265747,-3.9853125,-7.51078125,4.5984375,8304.53125
265748,-3.9853125,-8.58375,4.5984375,8304.5625
265749,-4.13859375,-10.26984375,4.291875,8304.59375
265750,-3.9853125,-10.423125,4.13859375,8304.625
265751,-3.67875,-12.262500000000001,3.83203125,8304.65625
265752,-3.3721875000000003,-14.101875000000001,3.0656250000000003,8304.6875
265753,-3.3721875000000003,-14.715,2.7590625,8304.71875
265754,-3.0656250000000003,-11.18953125,2.29921875,8304.75
265755,-3.0656250000000003,-9.81,1.6860937500000002,8304.78125
265756,-2.60578125,-10.26984375,1.07296875,8304.8125
265757,-2.7590625,-10.423125,0.45984375,8304.84375
265758,-3.2189062500000003,-10.88296875,0.45984375,8304.875
265759,-3.3721875000000003,-8.430468750000001,0.7664062500000001,8304.90625
265760,-3.0656250000000003,-7.970625,0.9196875,8304.9375
265761,-2.60578125,-7.81734375,1.37953125,8304.96875
265762,-1.99265625,-7.6640625,1.37953125,8305.0
265763,-1.37953125,-7.6640625,1.22625,8305.03125
265764,-0.45984375,-7.81734375,1.839375,8305.0625
265765,-0.3065625,-8.123906250000001,2.29921875,8305.09375
265766,-1.07296875,-9.196875,2.9123437500000002,8305.125
265767,-1.37953125,-10.423125,2.7590625,8305.15625
265768,-1.37953125,-10.26984375,2.7590625,8305.1875
265769,-1.37953125,-10.1165625,2.60578125,8305.21875
265770,-1.5328125000000001,-11.18953125,2.29921875,8305.25
265771,-1.99265625,-11.649375000000001,1.99265625,8305.28125
265772,-2.9123437500000002,-11.955937500000001,2.1459375,8305.3125
265773,-3.5254687500000004,-10.7296875,2.29921875,8305.34375
265774,-5.2115625,-9.5034375,2.7590625,8305.375
265775,-5.518125,-9.196875,2.9123437500000002,8305.40625
265776,-3.9853125,-10.7296875,2.9123437500000002,8305.4375
265777,-1.6860937500000002,-11.03625,2.4525,8305.46875
265778,-0.9196875,-9.96328125,2.60578125,8305.5
265779,-1.07296875,-8.58375,2.4525,8305.53125
265780,-1.6860937500000002,-7.6640625,2.4525,8305.5625
265781,-3.3721875000000003,-7.51078125,2.4525,8305.59375
265782,-4.291875,-7.6640625,3.2189062500000003,8305.625
265783,-4.44515625,-7.3575,3.5254687500000004,8305.65625
265784,-4.13859375,-7.050937500000001,4.291875,8305.6875
265785,-4.13859375,-7.3575,4.44515625,8305.71875
265786,-4.13859375,-9.043593750000001,4.291875,8305.75
265787,-3.83203125,-11.649375000000001,3.67875,8305.78125
265788,-3.5254687500000004,-11.649375000000001,3.5254687500000004,8305.8125
265789,-2.9123437500000002,-12.10921875,3.5254687500000004,8305.84375
265790,-2.4525,-12.875625000000001,3.5254687500000004,8305.875
265791,-3.0656250000000003,-13.182187500000001,3.3721875000000003,8305.90625
265792,-2.9123437500000002,-9.656718750000001,2.7590625,8305.9375
265793,-2.9123437500000002,-8.58375,2.1459375,8305.96875
265794,-2.60578125,-10.1165625,1.22625,8306.0
265795,-2.60578125,-10.57640625,1.07296875,8306.03125
265796,-2.9123437500000002,-11.649375000000001,0.9196875,8306.0625
265797,-2.9123437500000002,-10.423125,1.07296875,8306.09375
265798,-2.4525,-9.81,1.07296875,8306.125
265799,-1.839375,-8.8903125,1.22625,8306.15625
265800,-1.6860937500000002,-8.58375,1.22625,8306.1875
265801,-1.6860937500000002,-8.123906250000001,1.22625,8306.21875
265802,-1.6860937500000002,-8.2771875,1.22625,8306.25
265803,-1.6860937500000002,-8.123906250000001,1.6860937500000002,8306.28125
265804,-1.839375,-8.430468750000001,1.99265625,8306.3125
265805,-1.6860937500000002,-8.8903125,2.29921875,8306.34375
265806,-1.6860937500000002,-9.350156250000001,2.60578125,8306.375
265807,-1.37953125,-9.5034375,3.0656250000000003,8306.40625
265808,-1.07296875,-9.96328125,3.0656250000000003,8306.4375
265809,-1.22625,-10.57640625,2.7590625,8306.46875
265810,-1.6860937500000002,-11.03625,2.60578125,8306.5
265811,-2.60578125,-11.18953125,3.0656250000000003,8306.53125
265812,-3.67875,-10.26984375,3.5254687500000004,8306.5625
265813,-3.83203125,-10.26984375,3.83203125,8306.59375
265814,-3.2189062500000003,-10.7296875,3.5254687500000004,8306.625
265815,-2.4525,-11.80265625,3.2189062500000003,8306.65625
265816,-0.613125,-10.57640625,3.2189062500000003,8306.6875
265817,-0.3065625,-8.737031250000001,2.4525,8306.71875
265818,-0.7664062500000001,-8.123906250000001,2.1459375,8306.75
265819,-2.1459375,-7.51078125,1.839375,8306.78125
265820,-3.3721875000000003,-7.51078125,1.839375,8306.8125
265821,-4.905,-8.123906250000001,2.4525,8306.84375
265822,-4.291875,-7.3575,3.83203125,8306.875
265823,-3.9853125,-7.3575,4.291875,8306.90625
265824,-3.9853125,-8.737031250000001,4.75171875,8306.9375
265825,-3.9853125,-9.5034375,4.291875,8306.96875
265826,-3.5254687500000004,-11.3428125,3.83203125,8307.0
265827,-2.7590625,-11.955937500000001,4.13859375,8307.03125
265828,-2.60578125,-13.182187500000001,3.9853125,8307.0625
265829,-2.9123437500000002,-13.488750000000001,3.3721875000000003,8307.09375
265830,-3.2189062500000003,-12.72234375,3.0656250000000003,8307.125
265831,-3.2189062500000003,-9.5034375,2.1459375,8307.15625
265832,-2.9123437500000002,-10.423125,1.22625,8307.1875
265833,-2.9123437500000002,-10.7296875,0.9196875,8307.21875
265834,-3.2189062500000003,-10.88296875,0.3065625,8307.25
265835,-3.3721875000000003,-10.26984375,0.3065625,8307.28125
265836,-2.9123437500000002,-8.58375,0.613125,8307.3125
265837,-2.60578125,-8.123906250000001,1.22625,8307.34375
265838,-2.4525,-8.123906250000001,1.37953125,8307.375
265839,-1.99265625,-8.58375,1.37953125,8307.40625
265840,-1.5328125000000001,-8.8903125,1.22625,8307.4375
265841,-1.22625,-9.043593750000001,1.6860937500000002,8307.46875
265842,-1.07296875,-8.8903125,2.60578125,8307.5
265843,-0.9196875,-9.196875,2.7590625,8307.53125
265844,-0.613125,-9.656718750000001,2.9123437500000002,8307.5625
265845,-0.45984375,-9.656718750000001,3.0656250000000003,8307.59375
265846,-0.613125,-9.81,3.0656250000000003,8307.625
265847,-1.37953125,-11.03625,2.60578125,8307.65625
265848,-1.839375,-11.49609375,2.4525,8307.6875
265849,-2.9123437500000002,-11.18953125,3.0656250000000003,8307.71875
265850,-3.5254687500000004,-10.423125,3.5254687500000004,8307.75
265851,-3.67875,-9.350156250000001,3.9853125,8307.78125
265852,-2.4525,-10.88296875,3.3721875000000003,8307.8125
265853,-1.37953125,-11.649375000000001,3.0656250000000003,8307.84375
265854,-0.613125,-9.350156250000001,2.29921875,8307.875
265855,-0.613125,-8.8903125,2.1459375,8307.90625
265856,-1.07296875,-7.6640625,1.6860937500000002,8307.9375
265857,-2.4525,-7.81734375,1.5328125000000001,8307.96875
265858,-3.67875,-8.123906250000001,1.99265625,8308.0
265859,-4.13859375,-8.123906250000001,3.3721875000000003,8308.03125
265860,-3.83203125,-7.970625,3.9853125,8308.0625
265861,-3.67875,-8.123906250000001,5.2115625,8308.09375
265862,-3.9853125,-9.043593750000001,4.75171875,8308.125
265863,-3.9853125,-9.96328125,4.291875,8308.15625
265864,-3.67875,-11.3428125,3.83203125,8308.1875
265865,-3.2189062500000003,-11.3428125,4.13859375,8308.21875
265866,-2.29921875,-13.488750000000001,3.9853125,8308.25
265867,-2.9123437500000002,-13.94859375,3.3721875000000003,8308.28125
265868,-2.7590625,-12.72234375,3.2189062500000003,8308.3125
265869,-3.2189062500000003,-9.96328125,2.29921875,8308.34375
265870,-3.2189062500000003,-10.26984375,1.6860937500000002,8308.375
265871,-3.0656250000000003,-10.57640625,1.07296875,8308.40625
265872,-2.9123437500000002,-11.03625,0.45984375,8308.4375
265873,-3.0656250000000003,-9.656718750000001,0.613125,8308.46875
265874,-2.4525,-8.123906250000001,0.7664062500000001,8308.5
265875,-2.1459375,-7.81734375,1.22625,8308.53125
265876,-1.99265625,-7.6640625,1.37953125,8308.5625
265877,-1.6860937500000002,-7.81734375,1.37953125,8308.59375
265878,-1.37953125,-7.81734375,1.5328125000000001,8308.625
265879,-1.07296875,-8.2771875,1.99265625,8308.65625
265880,-0.9196875,-8.430468750000001,2.29921875,8308.6875
265881,-0.7664062500000001,-9.81,2.7590625,8308.71875
265882,-1.07296875,-10.7296875,3.0656250000000003,8308.75
265883,-1.22625,-10.26984375,3.0656250000000003,8308.78125
265884,-1.5328125000000001,-10.88296875,2.9123437500000002,8308.8125
265885,-1.37953125,-11.03625,2.9123437500000002,8308.84375
265886,-1.839375,-11.49609375,2.7590625,8308.875
265887,-2.29921875,-10.57640625,3.3721875000000003,8308.90625
265888,-2.9123437500000002,-10.423125,3.83203125,8308.9375
265889,-3.67875,-10.26984375,3.9853125,8308.96875
265890,-3.5254687500000004,-10.88296875,3.5254687500000004,8309.0
265891,-1.839375,-11.49609375,3.0656250000000003,8309.03125
265892,-0.613125,-9.196875,2.1459375,8309.0625
265893,-0.15328125,-8.737031250000001,1.839375,8309.09375
265894,-0.7664062500000001,-7.81734375,1.5328125000000001,8309.125
265895,-1.6860937500000002,-7.81734375,1.37953125,8309.15625
265896,-3.9853125,-8.123906250000001,1.839375,8309.1875
265897,-4.75171875,-7.51078125,3.3721875000000003,8309.21875
265898,-4.44515625,-6.897656250000001,4.13859375,8309.25
265899,-4.75171875,-7.6640625,4.44515625,8309.28125
265900,-5.2115625,-8.737031250000001,3.9853125,8309.3125
265901,-6.437812500000001,-11.3428125,2.9123437500000002,8309.34375
265902,-6.591093750000001,-10.7296875,3.67875,8309.375
265903,-5.9779687500000005,-12.41578125,3.67875,8309.40625
265904,-4.905,-13.94859375,3.0656250000000003,8309.4375
265905,-4.75171875,-14.101875000000001,2.7590625,8309.46875
265906,-3.67875,-11.03625,1.99265625,8309.5
265907,-3.0656250000000003,-10.7296875,1.07296875,8309.53125
265908,-2.4525,-11.18953125,0.9196875,8309.5625
265909,-2.4525,-11.649375000000001,0.45984375,8309.59375
265910,-2.4525,-11.3428125,0.613125,8309.625
265911,-3.0656250000000003,-9.96328125,0.7664062500000001,8309.65625
265912,-2.4525,-8.58375,0.613125,8309.6875
265913,-2.4525,-8.123906250000001,0.613125,8309.71875
265914,-2.29921875,-7.970625,0.7664062500000001,8309.75
265915,-1.839375,-7.970625,0.9196875,8309.78125
265916,-1.37953125,-8.123906250000001,1.07296875,8309.8125
265917,-1.22625,-8.58375,1.37953125,8309.84375
265918,-1.5328125000000001,-9.350156250000001,1.839375,8309.875
265919,-1.839375,-9.81,2.29921875,8309.90625
265920,-1.839375,-9.81,2.60578125,8309.9375
265921,-2.1459375,-9.5034375,2.7590625,8309.96875
265922,-1.6860937500000002,-9.81,2.7590625,8310.0
265923,-1.5328125000000001,-10.26984375,2.60578125,8310.03125
265924,-1.5328125000000001,-10.57640625,3.2189062500000003,8310.0625
265925,-1.99265625,-10.423125,3.67875,8310.09375
265926,-2.1459375,-10.423125,3.67875,8310.125
265927,-2.29921875,-12.10921875,3.3721875000000003,8310.15625
265928,-2.1459375,-12.569062500000001,3.67875,8310.1875
265929,-1.6860937500000002,-10.1165625,2.9123437500000002,8310.21875
265930,-1.5328125000000001,-9.350156250000001,2.29921875,8310.25
265931,-1.5328125000000001,-8.8903125,1.5328125000000001,8310.28125
265932,-2.4525,-8.737031250000001,1.07296875,8310.3125
265933,-3.0656250000000003,-8.737031250000001,1.22625,8310.34375
265934,-4.291875,-9.043593750000001,2.1459375,8310.375
265935,-4.291875,-8.58375,3.3721875000000003,8310.40625
265936,-4.13859375,-7.81734375,5.67140625,8310.4375
265937,-4.905,-8.8903125,5.9779687500000005,8310.46875
265938,-4.905,-9.81,5.518125,8310.5
265939,-4.44515625,-11.18953125,4.291875,8310.53125
265940,-3.9853125,-10.423125,3.9853125,8310.5625
265941,-3.67875,-13.02890625,3.83203125,8310.59375
265942,-4.13859375,-12.875625000000001,3.67875,8310.625
265943,-4.13859375,-12.10921875,3.5254687500000004,8310.65625
265944,-3.83203125,-9.81,2.4525,8310.6875
265945,-3.5254687500000004,-10.1165625,1.839375,8310.71875
265946,-3.0656250000000003,-11.49609375,1.22625,8310.75
265947,-2.7590625,-13.64203125,0.7664062500000001,8310.78125
265948,-2.60578125,-13.02890625,0.9196875,8310.8125
265949,-2.29921875,-11.03625,0.9196875,8310.84375
265950,-1.839375,-10.57640625,1.07296875,8310.875
265951,-1.37953125,-9.043593750000001,1.07296875,8310.90625
265952,-1.37953125,-8.430468750000001,1.07296875,8310.9375
265953,-1.5328125000000001,-8.2771875,1.22625,8310.96875
265954,-1.6860937500000002,-8.2771875,1.5328125000000001,8311.0
265955,-1.6860937500000002,-7.970625,1.6860937500000002,8311.03125
265956,-1.6860937500000002,-8.123906250000001,2.29921875,8311.0625
265957,-1.37953125,-8.58375,2.7590625,8311.09375
265958,-1.07296875,-8.58375,3.2189062500000003,8311.125
265959,-0.7664062500000001,-8.430468750000001,3.67875,8311.15625
265960,-0.9196875,-8.8903125,3.5254687500000004,8311.1875
265961,-1.6860937500000002,-10.26984375,3.67875,8311.21875
265962,-2.60578125,-10.26984375,4.291875,8311.25
265963,-2.7590625,-9.81,4.905,8311.28125
265964,-1.839375,-10.7296875,5.05828125,8311.3125
265965,-1.07296875,-11.18953125,4.5984375,8311.34375
265966,-0.7664062500000001,-12.72234375,3.9853125,8311.375
265967,-1.22625,-10.88296875,3.5254687500000004,8311.40625
265968,-1.37953125,-10.423125,2.7590625,8311.4375
265969,-1.99265625,-9.043593750000001,1.99265625,8311.46875
265970,-2.4525,-8.430468750000001,1.6860937500000002,8311.5
265971,-3.67875,-8.2771875,1.37953125,8311.53125
265972,-4.44515625,-8.123906250000001,2.29921875,8311.5625
265973,-4.44515625,-7.6640625,3.5254687500000004,8311.59375
265974,-4.5984375,-7.81734375,5.05828125,8311.625
265975,-4.75171875,-8.430468750000001,5.2115625,8311.65625
265976,-4.75171875,-9.5034375,4.44515625,8311.6875
265977,-4.5984375,-10.57640625,3.9853125,8311.71875
265978,-4.291875,-10.57640625,3.9853125,8311.75
265979,-3.5254687500000004,-13.488750000000001,3.83203125,8311.78125
265980,-3.5254687500000004,-13.64203125,3.67875,8311.8125
265981,-3.9853125,-13.33546875,3.0656250000000003,8311.84375
265982,-3.5254687500000004,-9.81,2.4525,8311.875
265983,-3.2189062500000003,-9.96328125,1.99265625,8311.90625
265984,-2.60578125,-11.03625,1.37953125,8311.9375
265985,-2.60578125,-11.3428125,1.07296875,8311.96875
265986,-2.60578125,-12.262500000000001,0.7664062500000001,8312.0
265987,-2.29921875,-10.26984375,1.37953125,8312.03125
265988,-1.99265625,-9.81,1.5328125000000001,8312.0625
265989,-1.37953125,-8.58375,1.5328125000000001,8312.09375
265990,-1.37953125,-8.2771875,1.6860937500000002,8312.125
265991,-1.07296875,-8.430468750000001,1.99265625,8312.15625
265992,-1.07296875,-7.970625,2.1459375,8312.1875
265993,-1.07296875,-7.6640625,2.4525,8312.21875
265994,-1.22625,-7.81734375,2.7590625,8312.25
265995,-1.22625,-8.430468750000001,2.7590625,8312.28125
265996,-1.07296875,-8.8903125,3.2189062500000003,8312.3125
265997,-1.07296875,-9.043593750000001,3.67875,8312.34375
265998,-1.07296875,-10.1165625,3.5254687500000004,8312.375
265999,-0.9196875,-10.57640625,3.0656250000000003,8312.40625
266000,-1.07296875,-10.88296875,2.9123437500000002,8312.4375
266001,-2.1459375,-10.423125,3.2189062500000003,8312.46875
266002,-3.2189062500000003,-11.49609375,3.83203125,8312.5
266003,-3.2189062500000003,-11.955937500000001,3.9853125,8312.53125
266004,-2.29921875,-13.02890625,3.67875,8312.5625
266005,-1.839375,-11.80265625,3.3721875000000003,8312.59375
266006,-1.5328125000000001,-9.196875,2.4525,8312.625
266007,-2.1459375,-8.123906250000001,2.4525,8312.65625
266008,-2.7590625,-7.81734375,2.29921875,8312.6875
266009,-3.0656250000000003,-7.51078125,2.9123437500000002,8312.71875
266010,-2.9123437500000002,-7.970625,3.67875,8312.75
266011,-4.44515625,-8.430468750000001,4.5984375,8312.78125
266012,-5.8246875000000005,-7.970625,3.83203125,8312.8125
266013,-6.1312500000000005,-8.123906250000001,3.3721875000000003,8312.84375
266014,-6.1312500000000005,-9.96328125,3.2189062500000003,8312.875
266015,-6.1312500000000005,-10.7296875,3.3721875000000003,8312.90625
266016,-5.36484375,-10.26984375,3.9853125,8312.9375
266017,-4.75171875,-13.795312500000001,3.0656250000000003,8312.96875
266018,-4.75171875,-14.101875000000001,2.60578125,8313.0
266019,-4.13859375,-12.875625000000001,2.29921875,8313.03125
266020,-3.83203125,-11.18953125,1.99265625,8313.0625
266021,-2.9123437500000002,-10.7296875,1.37953125,8313.09375
266022,-2.29921875,-11.649375000000001,1.07296875,8313.125
266023,-2.4525,-12.10921875,0.45984375,8313.15625
266024,-2.4525,-11.03625,0.9196875,8313.1875
266025,-1.99265625,-9.5034375,0.9196875,8313.21875
266026,-1.37953125,-8.123906250000001,1.07296875,8313.25
266027,-1.37953125,-7.51078125,1.37953125,8313.28125
266028,-1.37953125,-7.51078125,1.22625,8313.3125
266029,-1.07296875,-7.6640625,1.5328125000000001,8313.34375
266030,-1.07296875,-7.6640625,1.839375,8313.375
266031,-1.37953125,-8.123906250000001,2.4525,8313.40625
266032,-1.22625,-8.58375,2.60578125,8313.4375
266033,-1.07296875,-8.8903125,2.7590625,8313.46875
266034,-1.22625,-9.196875,2.9123437500000002,8313.5
266035,-1.6860937500000002,-9.81,3.2189062500000003,8313.53125
266036,-1.37953125,-10.88296875,3.2189062500000003,8313.5625
266037,-1.5328125000000001,-11.3428125,2.7590625,8313.59375
266038,-1.99265625,-11.03625,3.0656250000000003,8313.625
266039,-3.3721875000000003,-11.03625,4.13859375,8313.65625
266040,-3.83203125,-11.3428125,4.5984375,8313.6875
266041,-2.7590625,-11.49609375,4.13859375,8313.71875
266042,-1.37953125,-11.955937500000001,3.83203125,8313.75
266043,-0.7664062500000001,-10.57640625,3.5254687500000004,8313.78125
266044,-0.9196875,-8.430468750000001,2.1459375,8313.8125
266045,-1.22625,-8.2771875,1.6860937500000002,8313.84375
266046,-2.60578125,-7.970625,1.37953125,8313.875
266047,-4.13859375,-7.6640625,1.6860937500000002,8313.90625
266048,-3.9853125,-7.51078125,2.4525,8313.9375
266049,-3.83203125,-7.204218750000001,4.75171875,8313.96875
266050,-4.13859375,-7.204218750000001,5.518125,8314.0
266051,-4.291875,-8.123906250000001,5.67140625,8314.03125
266052,-4.13859375,-9.96328125,4.44515625,8314.0625
266053,-4.291875,-11.03625,3.9853125,8314.09375
266054,-3.67875,-10.7296875,4.291875,8314.125
266055,-3.67875,-11.955937500000001,3.9853125,8314.15625
266056,-3.83203125,-12.875625000000001,3.5254687500000004,8314.1875
266057,-3.9853125,-12.41578125,3.0656250000000003,8314.21875
266058,-3.83203125,-10.26984375,2.7590625,8314.25
266059,-2.9123437500000002,-9.350156250000001,1.839375,8314.28125
266060,-2.60578125,-9.96328125,1.5328125000000001,8314.3125
266061,-3.2189062500000003,-11.3428125,0.9196875,8314.34375
266062,-3.2189062500000003,-11.649375000000001,0.613125,8314.375
266063,-2.7590625,-10.423125,0.7664062500000001,8314.40625
266064,-2.1459375,-9.5034375,1.22625,8314.4375
266065,-1.99265625,-8.8903125,1.37953125,8314.46875
266066,-1.6860937500000002,-8.430468750000001,1.6860937500000002,8314.5
266067,-1.07296875,-8.430468750000001,1.839375,8314.53125
266068,-0.7664062500000001,-8.430468750000001,2.1459375,8314.5625
266069,-0.613125,-8.123906250000001,2.7590625,8314.59375
266070,-0.7664062500000001,-8.2771875,3.0656250000000003,8314.625
266071,-0.613125,-8.58375,3.2189062500000003,8314.65625
266072,-0.613125,-8.58375,3.2189062500000003,8314.6875
266073,-0.45984375,-8.8903125,3.2189062500000003,8314.71875
266074,-0.9196875,-10.7296875,3.3721875000000003,8314.75
266075,-1.22625,-10.88296875,3.3721875000000003,8314.78125
266076,-1.5328125000000001,-10.57640625,3.3721875000000003,8314.8125
266077,-2.29921875,-11.3428125,3.83203125,8314.84375
266078,-2.60578125,-11.649375000000001,4.13859375,8314.875
266079,-3.2189062500000003,-11.80265625,3.67875,8314.90625
266080,-3.67875,-12.875625000000001,2.7590625,8314.9375
266081,-3.67875,-10.7296875,1.22625,8314.96875
266082,-4.291875,-8.430468750000001,0.45984375,8315.0
266083,-4.44515625,-7.3575,0.45984375,8315.03125
266084,-5.2115625,-6.437812500000001,1.07296875,8315.0625
266085,-5.36484375,-6.744375000000001,1.6860937500000002,8315.09375
266086,-4.75171875,-7.3575,3.2189062500000003,8315.125
266087,-5.67140625,-7.81734375,3.67875,8315.15625
266088,-6.1312500000000005,-7.970625,3.5254687500000004,8315.1875
266089,-6.437812500000001,-8.8903125,2.60578125,8315.21875
266090,-6.437812500000001,-9.350156250000001,2.1459375,8315.25
266091,-5.67140625,-11.03625,1.99265625,8315.28125
266092,-5.2115625,-12.41578125,2.1459375,8315.3125
266093,-4.75171875,-13.64203125,1.99265625,8315.34375
266094,-5.05828125,-14.101875000000001,1.37953125,8315.375
266095,-5.2115625,-13.02890625,1.22625,8315.40625
266096,-3.83203125,-10.26984375,1.07296875,8315.4375
266097,-2.7590625,-10.7296875,0.7664062500000001,8315.46875
266098,-2.9123437500000002,-11.18953125,0.15328125,8315.5
266099,-2.4525,-10.88296875,-0.3065625,8315.53125
266100,-3.2189062500000003,-11.3428125,0.3065625,8315.5625
266101,-1.839375,-9.196875,0.9196875,8315.59375
266102,-2.4525,-7.81734375,0.9196875,8315.625
266103,-2.4525,-7.51078125,0.9196875,8315.65625
266104,-2.7590625,-7.050937500000001,0.9196875,8315.6875
266105,-2.1459375,-7.050937500000001,1.07296875,8315.71875
266106,-0.7664062500000001,-6.744375000000001,1.6860937500000002,8315.75
266107,-0.15328125,-6.897656250000001,2.4525,8315.78125
266108,-0.45984375,-7.6640625,2.60578125,8315.8125
266109,-0.7664062500000001,-9.043593750000001,2.9123437500000002,8315.84375
266110,-1.37953125,-9.96328125,2.9123437500000002,8315.875
266111,-1.6860937500000002,-11.49609375,3.0656250000000003,8315.90625
266112,-1.99265625,-13.94859375,2.1459375,8315.9375
266113,-2.4525,-13.795312500000001,1.99265625,8315.96875
266114,-3.5254687500000004,-11.80265625,2.29921875,8316.0
266115,-4.44515625,-10.7296875,2.29921875,8316.03125
266116,-5.67140625,-10.423125,2.29921875,8316.0625
266117,-5.67140625,-9.96328125,1.99265625,8316.09375
266118,-4.5984375,-10.7296875,1.99265625,8316.125
266119,-2.29921875,-10.26984375,1.99265625,8316.15625
266120,-1.6860937500000002,-9.196875,1.99265625,8316.1875
266121,-1.839375,-7.6640625,1.6860937500000002,8316.21875
266122,-3.5254687500000004,-6.591093750000001,1.5328125000000001,8316.25
266123,-4.13859375,-6.591093750000001,1.6860937500000002,8316.28125
266124,-4.44515625,-6.744375000000001,2.60578125,8316.3125
266125,-4.13859375,-6.744375000000001,3.2189062500000003,8316.34375
266126,-3.83203125,-7.6640625,3.83203125,8316.375
266127,-4.13859375,-9.656718750000001,3.5254687500000004,8316.40625
266128,-4.291875,-10.57640625,3.3721875000000003,8316.4375
266129,-4.13859375,-11.649375000000001,3.2189062500000003,8316.46875
266130,-3.9853125,-11.80265625,3.2189062500000003,8316.5
266131,-3.5254687500000004,-13.02890625,3.0656250000000003,8316.53125
266132,-3.5254687500000004,-13.182187500000001,2.60578125,8316.5625
266133,-3.3721875000000003,-12.262500000000001,2.29921875,8316.59375
266134,-2.9123437500000002,-9.5034375,1.5328125000000001,8316.625
266135,-2.60578125,-9.350156250000001,1.07296875,8316.65625
266136,-2.9123437500000002,-9.196875,0.45984375,8316.6875
266137,-3.67875,-9.96328125,0.15328125,8316.71875
266138,-4.291875,-9.5034375,0.15328125,8316.75
266139,-3.0656250000000003,-7.970625,0.613125,8316.78125
266140,-2.7590625,-7.970625,0.9196875,8316.8125
266141,-2.60578125,-7.81734375,1.37953125,8316.84375
266142,-1.22625,-8.123906250000001,1.5328125000000001,8316.875
266143,-0.7664062500000001,-8.123906250000001,1.37953125,8316.90625
266144,-1.07296875,-8.8903125,1.839375,8316.9375
266145,-1.37953125,-9.043593750000001,2.29921875,8316.96875
266146,-2.1459375,-9.81,2.29921875,8317.0
266147,-2.29921875,-10.57640625,2.4525,8317.03125
266148,-1.99265625,-10.1165625,2.4525,8317.0625
266149,-1.6860937500000002,-11.03625,2.4525,8317.09375
266150,-1.6860937500000002,-11.649375000000001,2.7590625,8317.125
266151,-1.6860937500000002,-12.41578125,2.7590625,8317.15625
266152,-2.4525,-10.1165625,3.2189062500000003,8317.1875
266153,-3.0656250000000003,-9.5034375,3.5254687500000004,8317.21875
266154,-3.5254687500000004,-8.8903125,3.9853125,8317.25
266155,-3.2189062500000003,-8.737031250000001,3.5254687500000004,8317.28125
266156,-1.99265625,-10.88296875,2.4525,8317.3125
266157,-1.839375,-9.96328125,1.99265625,8317.34375
266158,-1.5328125000000001,-9.196875,1.99265625,8317.375
266159,-1.6860937500000002,-7.51078125,1.6860937500000002,8317.40625
266160,-2.1459375,-7.050937500000001,1.839375,8317.4375
266161,-3.3721875000000003,-7.204218750000001,2.4525,8317.46875
266162,-3.2189062500000003,-7.6640625,3.0656250000000003,8317.5
266163,-3.0656250000000003,-7.51078125,3.5254687500000004,8317.53125
266164,-3.3721875000000003,-7.81734375,4.13859375,8317.5625
266165,-3.3721875000000003,-8.2771875,4.291875,8317.59375
266166,-3.67875,-10.423125,4.291875,8317.625
266167,-3.5254687500000004,-12.41578125,4.13859375,8317.65625
266168,-3.5254687500000004,-13.182187500000001,3.9853125,8317.6875
266169,-3.67875,-13.64203125,3.5254687500000004,8317.71875
266170,-3.83203125,-14.101875000000001,2.9123437500000002,8317.75
266171,-3.83203125,-10.26984375,1.99265625,8317.78125
266172,-3.0656250000000003,-9.043593750000001,0.9196875,8317.8125
266173,-2.9123437500000002,-9.5034375,0.7664062500000001,8317.84375
266174,-3.0656250000000003,-9.81,0.0,8317.875
266175,-2.9123437500000002,-10.57640625,0.613125,8317.90625
266176,-2.9123437500000002,-9.196875,0.613125,8317.9375
266177,-2.60578125,-8.8903125,1.07296875,8317.96875
266178,-2.60578125,-8.8903125,1.22625,8318.0
266179,-2.1459375,-8.430468750000001,1.5328125000000001,8318.03125
266180,-1.5328125000000001,-8.58375,1.37953125,8318.0625
266181,-1.37953125,-8.430468750000001,1.6860937500000002,8318.09375
266182,-1.6860937500000002,-8.123906250000001,2.29921875,8318.125
266183,-1.839375,-8.123906250000001,2.4525,8318.15625
266184,-1.99265625,-8.430468750000001,2.4525,8318.1875
266185,-1.99265625,-8.58375,2.4525,8318.21875
266186,-2.7590625,-9.656718750000001,2.9123437500000002,8318.25
266187,-3.2189062500000003,-12.10921875,2.9123437500000002,8318.28125
266188,-4.13859375,-12.10921875,3.0656250000000003,8318.3125
266189,-5.36484375,-10.26984375,3.2189062500000003,8318.34375
266190,-5.9779687500000005,-9.350156250000001,3.2189062500000003,8318.375
266191,-6.1312500000000005,-8.8903125,3.0656250000000003,8318.40625
266192,-4.75171875,-9.043593750000001,2.9123437500000002,8318.4375
266193,-3.83203125,-9.96328125,2.60578125,8318.46875
266194,-3.3721875000000003,-8.430468750000001,2.7590625,8318.5
266195,-3.3721875000000003,-7.3575,2.1459375,8318.53125
266196,-3.83203125,-6.897656250000001,1.99265625,8318.5625
266197,-3.9853125,-6.437812500000001,2.29921875,8318.59375
266198,-4.44515625,-6.284531250000001,2.1459375,8318.625
266199,-8.2771875,-6.284531250000001,0.7664062500000001,8318.65625
266200,-8.737031250000001,-5.8246875000000005,0.9196875,8318.6875
266201,-7.050937500000001,-6.437812500000001,1.839375,8318.71875
266202,-6.284531250000001,-7.51078125,2.60578125,8318.75
266203,-5.9779687500000005,-8.58375,2.60578125,8318.78125
266204,-5.05828125,-10.7296875,2.7590625,8318.8125
266205,-4.5984375,-10.7296875,2.7590625,8318.84375
266206,-4.5984375,-12.10921875,3.5254687500000004,8318.875
266207,-3.9853125,-13.33546875,4.13859375,8318.90625
266208,-3.5254687500000004,-12.569062500000001,3.83203125,8318.9375
266209,-3.0656250000000003,-9.196875,2.60578125,8318.96875
266210,-2.7590625,-8.58375,1.99265625,8319.0
266211,-3.67875,-7.81734375,1.22625,8319.03125
266212,-4.75171875,-8.430468750000001,0.613125,8319.0625
266213,-4.75171875,-8.2771875,0.613125,8319.09375
266214,-4.291875,-7.3575,1.07296875,8319.125
266215,-3.5254687500000004,-7.51078125,1.37953125,8319.15625
266216,-3.3721875000000003,-7.204218750000001,1.5328125000000001,8319.1875
266217,-2.7590625,-7.204218750000001,1.6860937500000002,8319.21875
266218,-2.60578125,-7.3575,1.5328125000000001,8319.25
266219,-2.4525,-7.3575,1.6860937500000002,8319.28125
266220,-2.60578125,-7.6640625,1.99265625,8319.3125
266221,-2.9123437500000002,-8.8903125,2.29921875,8319.34375
266222,-2.9123437500000002,-10.26984375,2.29921875,8319.375
266223,-2.4525,-10.7296875,2.4525,8319.40625
266224,-1.99265625,-11.80265625,2.4525,8319.4375
266225,-1.99265625,-12.72234375,2.1459375,8319.46875
266226,-2.7590625,-13.02890625,1.37953125,8319.5
266227,-3.83203125,-10.88296875,1.5328125000000001,8319.53125
266228,-4.13859375,-9.81,1.839375,8319.5625
266229,-4.75171875,-8.8903125,2.60578125,8319.59375
266230,-4.291875,-8.737031250000001,2.60578125,8319.625
266231,-2.60578125,-10.7296875,2.7590625,8319.65625
266232,-1.5328125000000001,-9.96328125,2.9123437500000002,8319.6875
266233,-1.37953125,-8.8903125,2.7590625,8319.71875
266234,-1.99265625,-7.204218750000001,2.60578125,8319.75
266235,-2.29921875,-6.744375000000001,2.7590625,8319.78125
266236,-3.2189062500000003,-7.204218750000001,3.2189062500000003,8319.8125
266237,-3.2189062500000003,-7.51078125,3.83203125,8319.84375
266238,-3.2189062500000003,-7.81734375,3.9853125,8319.875
266239,-3.83203125,-8.2771875,3.83203125,8319.90625
266240,-4.13859375,-8.58375,3.5254687500000004,8319.9375
266241,-4.291875,-9.81,3.3721875000000003,8319.96875
266242,-3.67875,-11.49609375,3.2189062500000003,8320.0
266243,-3.5254687500000004,-11.3428125,3.2189062500000003,8320.03125
266244,-3.67875,-12.875625000000001,2.7590625,8320.0625
266245,-3.9853125,-12.875625000000001,2.4525,8320.09375
266246,-3.83203125,-11.955937500000001,2.1459375,8320.125
266247,-2.9123437500000002,-8.430468750000001,1.5328125000000001,8320.15625
266248,-2.7590625,-8.737031250000001,1.5328125000000001,8320.1875
266249,-2.60578125,-9.5034375,1.22625,8320.21875
266250,-3.0656250000000003,-10.1165625,0.9196875,8320.25
266251,-2.60578125,-10.7296875,0.613125,8320.28125
266252,-1.99265625,-9.043593750000001,1.22625,8320.3125
266253,-2.1459375,-8.8903125,1.37953125,8320.34375
266254,-2.1459375,-7.81734375,1.5328125000000001,8320.375
266255,-1.99265625,-7.81734375,1.5328125000000001,8320.40625
266256,-1.5328125000000001,-7.6640625,1.839375,8320.4375
266257,-1.37953125,-7.6640625,2.1459375,8320.46875
266258,-1.37953125,-7.970625,2.4525,8320.5
266259,-1.5328125000000001,-9.350156250000001,2.7590625,8320.53125
266260,-1.6860937500000002,-10.1165625,2.9123437500000002,8320.5625
266261,-1.37953125,-10.57640625,3.0656250000000003,8320.59375
266262,-1.37953125,-11.18953125,3.2189062500000003,8320.625
266263,-1.22625,-12.10921875,3.0656250000000003,8320.65625
266264,-1.6860937500000002,-12.10921875,2.4525,8320.6875
266265,-1.839375,-11.49609375,2.29921875,8320.71875
266266,-3.2189062500000003,-9.656718750000001,2.60578125,8320.75
266267,-4.44515625,-9.196875,3.0656250000000003,8320.78125
266268,-4.13859375,-9.196875,2.9123437500000002,8320.8125
266269,-2.7590625,-11.18953125,2.60578125,8320.84375
266270,-1.99265625,-10.7296875,2.60578125,8320.875
266271,-1.22625,-8.8903125,2.60578125,8320.90625
266272,-1.5328125000000001,-7.6640625,2.1459375,8320.9375
266273,-2.1459375,-7.204218750000001,2.1459375,8320.96875
266274,-3.2189062500000003,-7.51078125,2.4525,8321.0
266275,-3.3721875000000003,-7.51078125,2.9123437500000002,8321.03125
266276,-3.0656250000000003,-7.3575,3.83203125,8321.0625
266277,-3.3721875000000003,-7.204218750000001,4.5984375,8321.09375
266278,-3.3721875000000003,-7.6640625,4.5984375,8321.125
266279,-3.2189062500000003,-10.1165625,4.44515625,8321.15625
266280,-3.2189062500000003,-11.649375000000001,4.44515625,8321.1875
266281,-2.9123437500000002,-11.49609375,5.05828125,8321.21875
266282,-2.7590625,-12.72234375,4.5984375,8321.25
266283,-3.0656250000000003,-12.875625000000001,4.13859375,8321.28125
266284,-2.9123437500000002,-12.10921875,3.2189062500000003,8321.3125
266285,-2.7590625,-10.57640625,2.7590625,8321.34375
266286,-2.1459375,-10.26984375,1.839375,8321.375
266287,-1.99265625,-10.423125,1.07296875,8321.40625
266288,-2.1459375,-10.7296875,0.7664062500000001,8321.4375
266289,-2.60578125,-9.350156250000001,1.07296875,8321.46875
266290,-2.60578125,-8.430468750000001,1.22625,8321.5
266291,-2.1459375,-7.51078125,1.22625,8321.53125
266292,-1.839375,-7.050937500000001,1.37953125,8321.5625
266293,-1.839375,-7.050937500000001,1.37953125,8321.59375
266294,-1.5328125000000001,-7.51078125,1.5328125000000001,8321.625
266295,-1.37953125,-7.51078125,1.839375,8321.65625
266296,-1.37953125,-8.123906250000001,2.7590625,8321.6875
266297,-1.22625,-9.196875,3.3721875000000003,8321.71875
266298,-0.9196875,-9.96328125,3.5254687500000004,8321.75
266299,-0.7664062500000001,-10.57640625,3.9853125,8321.78125
266300,-0.9196875,-10.7296875,4.13859375,8321.8125
266301,-0.9196875,-12.41578125,4.13859375,8321.84375
266302,-1.5328125000000001,-12.10921875,3.83203125,8321.875
266303,-1.839375,-11.03625,3.83203125,8321.90625
266304,-2.1459375,-9.81,3.83203125,8321.9375
266305,-1.99265625,-9.656718750000001,3.5254687500000004,8321.96875
266306,-2.29921875,-9.96328125,2.60578125,8322.0
266307,-2.29921875,-11.3428125,2.29921875,8322.03125
266308,-1.99265625,-10.26984375,2.29921875,8322.0625
266309,-1.839375,-8.2771875,1.99265625,8322.09375
266310,-1.99265625,-7.204218750000001,1.839375,8322.125
266311,-2.7590625,-6.1312500000000005,1.37953125,8322.15625
266312,-3.83203125,-7.3575,1.99265625,8322.1875
266313,-3.9853125,-7.6640625,2.4525,8322.21875
266314,-4.13859375,-7.81734375,3.83203125,8322.25
266315,-4.5984375,-7.81734375,4.291875,8322.28125
266316,-5.05828125,-8.737031250000001,4.291875,8322.3125
266317,-4.75171875,-10.57640625,3.67875,8322.34375
266318,-4.44515625,-11.649375000000001,3.9853125,8322.375
266319,-3.9853125,-12.72234375,4.291875,8322.40625
266320,-3.5254687500000004,-12.875625000000001,4.13859375,8322.4375
266321,-3.9853125,-13.33546875,3.2189062500000003,8322.46875
266322,-3.67875,-11.18953125,2.7590625,8322.5
266323,-3.67875,-9.656718750000001,2.29921875,8322.53125
266324,-3.67875,-9.656718750000001,1.37953125,8322.5625
266325,-3.83203125,-9.96328125,0.9196875,8322.59375
266326,-4.13859375,-10.57640625,0.15328125,8322.625
266327,-3.5254687500000004,-9.196875,0.15328125,8322.65625
266328,-3.0656250000000003,-9.043593750000001,0.45984375,8322.6875
266329,-2.9123437500000002,-9.043593750000001,0.9196875,8322.71875
266330,-2.4525,-9.043593750000001,0.9196875,8322.75
266331,-1.839375,-8.737031250000001,0.9196875,8322.78125
266332,-1.5328125000000001,-8.58375,1.37953125,8322.8125
266333,-1.37953125,-8.430468750000001,1.6860937500000002,8322.84375
266334,-1.5328125000000001,-7.970625,2.4525,8322.875
266335,-1.6860937500000002,-8.430468750000001,2.60578125,8322.90625
266336,-1.5328125000000001,-8.737031250000001,2.60578125,8322.9375
266337,-1.6860937500000002,-9.350156250000001,2.7590625,8322.96875
266338,-1.6860937500000002,-10.88296875,2.7590625,8323.0
266339,-2.1459375,-12.569062500000001,2.7590625,8323.03125
266340,-2.4525,-12.10921875,2.9123437500000002,8323.0625
266341,-3.0656250000000003,-8.737031250000001,4.13859375,8323.09375
266342,-4.905,-9.196875,4.5984375,8323.125
266343,-4.13859375,-9.043593750000001,4.44515625,8323.15625
266344,-2.60578125,-11.18953125,2.4525,8323.1875
266345,-3.0656250000000003,-9.96328125,3.0656250000000003,8323.21875
266346,-4.291875,-8.737031250000001,3.2189062500000003,8323.25
266347,-6.1312500000000005,-6.897656250000001,2.9123437500000002,8323.28125
266348,-6.744375000000001,-6.284531250000001,2.9123437500000002,8323.3125
266349,-6.591093750000001,-6.1312500000000005,3.2189062500000003,8323.34375
266350,-6.284531250000001,-6.437812500000001,3.3721875000000003,8323.375
266351,-5.8246875000000005,-6.897656250000001,3.67875,8323.40625
266352,-6.1312500000000005,-7.51078125,3.83203125,8323.4375
266353,-5.9779687500000005,-8.430468750000001,3.67875,8323.46875
266354,-5.36484375,-10.1165625,3.67875,8323.5
266355,-4.905,-10.57640625,3.5254687500000004,8323.53125
266356,-5.05828125,-10.88296875,3.3721875000000003,8323.5625
266357,-4.5984375,-12.72234375,2.7590625,8323.59375
266358,-4.75171875,-13.02890625,2.4525,8323.625
266359,-4.291875,-10.423125,1.839375,8323.65625
266360,-3.5254687500000004,-9.196875,1.37953125,8323.6875
266361,-2.9123437500000002,-9.196875,0.9196875,8323.71875
266362,-2.9123437500000002,-9.656718750000001,0.7664062500000001,8323.75
266363,-2.7590625,-9.96328125,0.7664062500000001,8323.78125
266364,-2.9123437500000002,-8.123906250000001,1.22625,8323.8125
266365,-2.60578125,-7.51078125,1.22625,8323.84375
266366,-2.60578125,-6.591093750000001,1.99265625,8323.875
266367,-2.7590625,-5.9779687500000005,2.4525,8323.90625
266368,-2.4525,-6.1312500000000005,2.29921875,8323.9375
266369,-1.99265625,-6.897656250000001,2.29921875,8323.96875
266370,-2.29921875,-7.204218750000001,2.29921875,8324.0
266371,-2.60578125,-8.123906250000001,2.7590625,8324.03125
266372,-3.0656250000000003,-9.81,2.9123437500000002,8324.0625
266373,-3.0656250000000003,-10.88296875,3.0656250000000003,8324.09375
266374,-3.0656250000000003,-11.649375000000001,3.3721875000000003,8324.125
266375,-2.9123437500000002,-12.875625000000001,3.2189062500000003,8324.15625
266376,-2.1459375,-13.488750000000001,2.60578125,8324.1875
266377,-3.0656250000000003,-12.262500000000001,1.99265625,8324.21875
266378,-3.67875,-11.03625,1.839375,8324.25
266379,-4.905,-8.58375,1.6860937500000002,8324.28125
266380,-4.905,-7.81734375,1.6860937500000002,8324.3125
266381,-4.44515625,-7.81734375,1.839375,8324.34375
266382,-3.2189062500000003,-10.88296875,2.4525,8324.375
266383,-2.4525,-10.88296875,2.9123437500000002,8324.40625
266384,-1.839375,-8.2771875,3.3721875000000003,8324.4375
266385,-1.99265625,-7.204218750000001,3.0656250000000003,8324.46875
266386,-3.0656250000000003,-6.591093750000001,2.60578125,8324.5
266387,-4.5984375,-7.6640625,2.60578125,8324.53125
266388,-4.905,-7.970625,2.9123437500000002,8324.5625
266389,-4.75171875,-7.6640625,3.0656250000000003,8324.59375
266390,-4.44515625,-7.6640625,3.3721875000000003,8324.625
266391,-3.9853125,-9.043593750000001,3.5254687500000004,8324.65625
266392,-3.3721875000000003,-10.7296875,3.3721875000000003,8324.6875
266393,-3.0656250000000003,-11.3428125,3.3721875000000003,8324.71875
266394,-3.0656250000000003,-12.10921875,3.2189062500000003,8324.75
266395,-3.3721875000000003,-13.182187500000001,3.0656250000000003,8324.78125
266396,-3.9853125,-13.64203125,2.60578125,8324.8125
266397,-3.5254687500000004,-9.5034375,2.1459375,8324.84375
266398,-2.9123437500000002,-8.430468750000001,1.6860937500000002,8324.875
266399,-2.7590625,-9.043593750000001,1.22625,8324.90625
266400,-3.0656250000000003,-9.043593750000001,1.07296875,8324.9375
266401,-2.9123437500000002,-10.1165625,0.7664062500000001,8324.96875
266402,-2.9123437500000002,-8.8903125,1.22625,8325.0
266403,-2.9123437500000002,-8.737031250000001,1.37953125,8325.03125
266404,-2.7590625,-8.123906250000001,1.5328125000000001,8325.0625
266405,-2.4525,-7.81734375,1.6860937500000002,8325.09375
266406,-1.839375,-7.81734375,1.839375,8325.125
266407,-1.07296875,-8.123906250000001,1.99265625,8325.15625
266408,-1.22625,-8.123906250000001,2.29921875,8325.1875
266409,-1.5328125000000001,-8.737031250000001,2.7590625,8325.21875
266410,-1.99265625,-9.5034375,2.60578125,8325.25
266411,-2.29921875,-10.57640625,2.60578125,8325.28125
266412,-2.29921875,-11.03625,2.7590625,8325.3125
266413,-2.1459375,-12.262500000000001,2.60578125,8325.34375
266414,-2.29921875,-11.49609375,2.1459375,8325.375
266415,-2.9123437500000002,-9.96328125,2.1459375,8325.40625
266416,-3.5254687500000004,-9.043593750000001,2.4525,8325.4375
266417,-4.905,-8.430468750000001,2.9123437500000002,8325.46875
266418,-4.905,-8.58375,2.7590625,8325.5
266419,-3.67875,-10.26984375,2.29921875,8325.53125
266420,-2.7590625,-10.7296875,2.29921875,8325.5625
266421,-1.37953125,-9.5034375,2.4525,8325.59375
266422,-1.37953125,-7.81734375,2.1459375,8325.625
266423,-1.99265625,-7.050937500000001,1.99265625,8325.65625
266424,-3.3721875000000003,-7.050937500000001,1.99265625,8325.6875
266425,-3.9853125,-7.3575,2.29921875,8325.71875
266426,-4.291875,-7.3575,2.9123437500000002,8325.75
266427,-3.5254687500000004,-7.51078125,3.67875,8325.78125
266428,-3.5254687500000004,-7.81734375,3.9853125,8325.8125
266429,-3.5254687500000004,-9.656718750000001,3.9853125,8325.84375
266430,-3.5254687500000004,-11.49609375,3.67875,8325.875
266431,-3.3721875000000003,-11.649375000000001,3.67875,8325.90625
266432,-3.3721875000000003,-12.41578125,3.3721875000000003,8325.9375
266433,-3.3721875000000003,-12.41578125,3.3721875000000003,8325.96875
266434,-3.67875,-13.02890625,3.0656250000000003,8326.0
266435,-3.83203125,-9.96328125,1.99265625,8326.03125
266436,-3.5254687500000004,-10.26984375,1.5328125000000001,8326.0625
266437,-2.7590625,-10.423125,1.22625,8326.09375
266438,-2.7590625,-10.7296875,0.7664062500000001,8326.125
266439,-3.0656250000000003,-11.3428125,0.9196875,8326.15625
266440,-2.9123437500000002,-9.81,1.22625,8326.1875
266441,-2.4525,-8.58375,1.37953125,8326.21875
266442,-1.99265625,-7.6640625,1.22625,8326.25
266443,-1.839375,-7.3575,1.22625,8326.28125
266444,-1.5328125000000001,-7.3575,1.5328125000000001,8326.3125
266445,-1.5328125000000001,-7.51078125,1.5328125000000001,8326.34375
266446,-1.5328125000000001,-7.81734375,1.99265625,8326.375
266447,-1.5328125000000001,-8.430468750000001,2.4525,8326.40625
266448,-1.5328125000000001,-9.043593750000001,2.60578125,8326.4375
266449,-1.6860937500000002,-9.96328125,3.0656250000000003,8326.46875
266450,-1.6860937500000002,-9.96328125,3.2189062500000003,8326.5
266451,-1.99265625,-11.649375000000001,3.0656250000000003,8326.53125
266452,-2.4525,-12.10921875,3.3721875000000003,8326.5625
266453,-2.7590625,-11.955937500000001,3.3721875000000003,8326.59375
266454,-2.9123437500000002,-9.81,3.67875,8326.625
266455,-3.0656250000000003,-9.350156250000001,4.13859375,8326.65625
266456,-3.0656250000000003,-9.196875,3.67875,8326.6875
266457,-2.4525,-11.03625,2.7590625,8326.71875
266458,-1.99265625,-11.649375000000001,2.60578125,8326.75
266459,-2.29921875,-9.043593750000001,2.29921875,8326.78125
266460,-2.1459375,-8.430468750000001,2.1459375,8326.8125
266461,-2.4525,-7.51078125,1.99265625,8326.84375
266462,-3.2189062500000003,-7.3575,2.4525,8326.875
266463,-3.3721875000000003,-7.6640625,2.9123437500000002,8326.90625
266464,-3.2189062500000003,-7.970625,4.13859375,8326.9375
266465,-3.3721875000000003,-7.970625,4.5984375,8326.96875
266466,-4.13859375,-7.81734375,4.75171875,8327.0
266467,-4.291875,-9.350156250000001,3.9853125,8327.03125
266468,-4.13859375,-10.26984375,3.67875,8327.0625
266469,-3.67875,-10.1165625,4.13859375,8327.09375
266470,-3.83203125,-9.96328125,4.13859375,8327.125
266471,-3.67875,-12.72234375,3.2189062500000003,8327.15625
266472,-4.75171875,-12.262500000000001,2.1459375,8327.1875
266473,-4.75171875,-10.7296875,1.99265625,8327.21875
266474,-3.9853125,-9.5034375,1.37953125,8327.25
266475,-3.3721875000000003,-9.81,1.07296875,8327.28125
266476,-2.60578125,-10.57640625,0.9196875,8327.3125
266477,-2.4525,-11.03625,0.7664062500000001,8327.34375
266478,-2.60578125,-9.96328125,1.07296875,8327.375
266479,-2.60578125,-9.043593750000001,1.37953125,8327.40625
266480,-2.1459375,-8.58375,1.6860937500000002,8327.4375
266481,-1.5328125000000001,-8.123906250000001,1.99265625,8327.46875
266482,-0.7664062500000001,-8.430468750000001,1.99265625,8327.5
266483,-0.613125,-8.430468750000001,1.99265625,8327.53125
266484,-0.9196875,-8.123906250000001,2.60578125,8327.5625
266485,-1.5328125000000001,-8.8903125,2.7590625,8327.59375
266486,-1.6860937500000002,-9.196875,2.7590625,8327.625
266487,-1.5328125000000001,-9.5034375,2.9123437500000002,8327.65625
266488,-1.37953125,-9.5034375,3.0656250000000003,8327.6875
266489,-1.22625,-11.18953125,3.0656250000000003,8327.71875
266490,-1.22625,-11.3428125,2.7590625,8327.75
266491,-1.839375,-11.18953125,2.4525,8327.78125
266492,-3.0656250000000003,-10.26984375,2.60578125,8327.8125
266493,-3.83203125,-10.57640625,3.0656250000000003,8327.84375
266494,-4.291875,-10.1165625,3.2189062500000003,8327.875
266495,-3.9853125,-10.7296875,3.0656250000000003,8327.90625
266496,-2.1459375,-11.49609375,2.60578125,8327.9375
266497,-1.07296875,-9.196875,2.29921875,8327.96875
266498,-1.07296875,-8.58375,2.1459375,8328.0
266499,-1.99265625,-7.204218750000001,1.839375,8328.03125
266500,-2.60578125,-7.204218750000001,1.6860937500000002,8328.0625
266501,-3.83203125,-7.050937500000001,2.29921875,8328.09375
266502,-3.67875,-7.204218750000001,3.5254687500000004,8328.125
266503,-3.5254687500000004,-7.204218750000001,4.13859375,8328.15625
266504,-3.67875,-8.58375,4.75171875,8328.1875
266505,-3.5254687500000004,-9.350156250000001,4.5984375,8328.21875
266506,-3.0656250000000003,-11.03625,4.13859375,8328.25
266507,-2.60578125,-11.649375000000001,4.291875,8328.28125
266508,-2.60578125,-12.569062500000001,3.9853125,8328.3125
266509,-3.0656250000000003,-13.64203125,3.5254687500000004,8328.34375
266510,-3.3721875000000003,-14.101875000000001,3.3721875000000003,8328.375
266511,-3.2189062500000003,-10.423125,2.7590625,8328.40625
266512,-2.9123437500000002,-9.5034375,1.6860937500000002,8328.4375
266513,-2.4525,-10.1165625,1.5328125000000001,8328.46875
266514,-2.4525,-10.57640625,1.22625,8328.5
266515,-2.60578125,-10.26984375,1.07296875,8328.53125
266516,-2.4525,-9.196875,1.22625,8328.5625
266517,-1.839375,-8.8903125,1.5328125000000001,8328.59375
266518,-1.37953125,-8.2771875,1.6860937500000002,8328.625
266519,-1.22625,-7.3575,1.5328125000000001,8328.65625
266520,-1.07296875,-7.6640625,1.5328125000000001,8328.6875
266521,-1.07296875,-7.970625,1.839375,8328.71875
266522,-1.5328125000000001,-8.123906250000001,2.29921875,8328.75
266523,-1.6860937500000002,-8.430468750000001,2.4525,8328.78125
266524,-1.6860937500000002,-9.196875,2.7590625,8328.8125
266525,-1.5328125000000001,-9.350156250000001,2.9123437500000002,8328.84375
266526,-1.22625,-9.656718750000001,3.3721875000000003,8328.875
266527,-1.22625,-11.649375000000001,3.3721875000000003,8328.90625
266528,-1.07296875,-11.955937500000001,3.3721875000000003,8328.9375
266529,-1.839375,-11.649375000000001,3.2189062500000003,8328.96875
266530,-2.1459375,-10.423125,3.2189062500000003,8329.0
266531,-3.2189062500000003,-10.26984375,3.3721875000000003,8329.03125
266532,-3.2189062500000003,-10.1165625,3.2189062500000003,8329.0625
266533,-2.9123437500000002,-11.03625,2.9123437500000002,8329.09375
266534,-1.5328125000000001,-10.88296875,2.60578125,8329.125
266535,-1.22625,-9.5034375,2.4525,8329.15625
266536,-1.22625,-8.58375,1.99265625,8329.1875
266537,-2.1459375,-7.204218750000001,1.6860937500000002,8329.21875
266538,-2.60578125,-7.204218750000001,1.5328125000000001,8329.25
266539,-3.5254687500000004,-7.3575,2.4525,8329.28125
266540,-3.67875,-7.3575,3.2189062500000003,8329.3125
266541,-3.3721875000000003,-7.204218750000001,4.5984375,8329.34375
266542,-3.5254687500000004,-8.430468750000001,5.2115625,8329.375
266543,-3.67875,-9.350156250000001,5.05828125,8329.40625
266544,-3.9853125,-11.49609375,4.291875,8329.4375
266545,-3.67875,-11.80265625,4.13859375,8329.46875
266546,-3.2189062500000003,-13.02890625,4.13859375,8329.5
266547,-3.0656250000000003,-13.795312500000001,3.9853125,8329.53125
266548,-3.2189062500000003,-13.795312500000001,3.67875,8329.5625
266549,-3.0656250000000003,-9.5034375,2.7590625,8329.59375
266550,-2.9123437500000002,-8.58375,1.99265625,8329.625
266551,-2.7590625,-10.1165625,1.07296875,8329.65625
266552,-2.9123437500000002,-10.88296875,0.7664062500000001,8329.6875
266553,-2.9123437500000002,-11.3428125,0.7664062500000001,8329.71875
266554,-2.4525,-9.196875,1.22625,8329.75
266555,-2.29921875,-8.8903125,1.37953125,8329.78125
266556,-1.37953125,-8.123906250000001,1.6860937500000002,8329.8125
266557,-1.22625,-7.6640625,1.839375,8329.84375
266558,-1.07296875,-7.6640625,1.99265625,8329.875
266559,-1.07296875,-7.970625,2.1459375,8329.90625
266560,-1.37953125,-7.970625,2.60578125,8329.9375
266561,-1.37953125,-8.430468750000001,2.7590625,8329.96875
266562,-1.5328125000000001,-9.656718750000001,2.9123437500000002,8330.0
266563,-1.37953125,-9.656718750000001,2.9123437500000002,8330.03125
266564,-0.9196875,-10.1165625,3.0656250000000003,8330.0625
266565,-1.22625,-11.80265625,2.60578125,8330.09375
266566,-1.6860937500000002,-11.80265625,2.29921875,8330.125
266567,-2.9123437500000002,-10.26984375,2.7590625,8330.15625
266568,-3.5254687500000004,-8.8903125,3.2189062500000003,8330.1875
266569,-3.67875,-9.043593750000001,4.291875,8330.21875
266570,-2.60578125,-10.1165625,4.13859375,8330.25
266571,-1.839375,-11.49609375,3.67875,8330.28125
266572,-0.7664062500000001,-10.1165625,2.9123437500000002,8330.3125
266573,-0.7664062500000001,-9.5034375,2.7590625,8330.34375
266574,-1.5328125000000001,-7.970625,2.60578125,8330.375
266575,-2.60578125,-7.6640625,2.9123437500000002,8330.40625
266576,-3.2189062500000003,-7.970625,3.2189062500000003,8330.4375
266577,-4.291875,-8.123906250000001,3.5254687500000004,8330.46875
266578,-4.44515625,-7.81734375,3.83203125,8330.5
266579,-4.905,-7.6640625,3.83203125,8330.53125
266580,-4.905,-9.043593750000001,3.67875,8330.5625
266581,-4.75171875,-9.96328125,3.5254687500000004,8330.59375
266582,-4.905,-10.88296875,3.67875,8330.625
266583,-5.05828125,-11.649375000000001,3.83203125,8330.65625
266584,-4.44515625,-13.02890625,2.9123437500000002,8330.6875
266585,-3.83203125,-11.955937500000001,2.1459375,8330.71875
266586,-3.67875,-11.03625,1.6860937500000002,8330.75
266587,-3.3721875000000003,-10.26984375,1.07296875,8330.78125
266588,-3.2189062500000003,-10.1165625,0.9196875,8330.8125
266589,-2.9123437500000002,-11.80265625,0.613125,8330.84375
266590,-2.7590625,-9.96328125,1.07296875,8330.875
266591,-2.60578125,-8.737031250000001,0.9196875,8330.90625
266592,-2.1459375,-7.970625,0.9196875,8330.9375
266593,-2.29921875,-7.81734375,1.07296875,8330.96875
266594,-1.6860937500000002,-8.123906250000001,1.37953125,8331.0
266595,-1.22625,-8.2771875,1.37953125,8331.03125
266596,-1.07296875,-8.123906250000001,1.6860937500000002,8331.0625
266597,-0.9196875,-8.2771875,2.4525,8331.09375
266598,-0.9196875,-8.430468750000001,2.7590625,8331.125
266599,-0.9196875,-9.043593750000001,2.9123437500000002,8331.15625
266600,-1.22625,-9.5034375,3.0656250000000003,8331.1875
266601,-1.5328125000000001,-10.423125,3.0656250000000003,8331.21875
266602,-1.99265625,-12.72234375,3.0656250000000003,8331.25
266603,-2.29921875,-13.02890625,2.9123437500000002,8331.28125
266604,-3.3721875000000003,-10.26984375,3.3721875000000003,8331.3125
266605,-4.905,-8.430468750000001,3.9853125,8331.34375
266606,-4.905,-9.043593750000001,3.83203125,8331.375
266607,-3.83203125,-9.81,2.7590625,8331.40625
266608,-3.5254687500000004,-10.57640625,2.1459375,8331.4375
266609,-3.0656250000000003,-9.81,2.4525,8331.46875
266610,-3.2189062500000003,-8.2771875,2.60578125,8331.5
266611,-3.3721875000000003,-7.51078125,2.4525,8331.53125
266612,-3.83203125,-6.744375000000001,2.29921875,8331.5625
266613,-4.44515625,-6.897656250000001,2.1459375,8331.59375
266614,-5.2115625,-7.204218750000001,2.4525,8331.625
266615,-6.591093750000001,-7.3575,2.29921875,8331.65625
266616,-6.591093750000001,-7.3575,2.4525,8331.6875
266617,-6.591093750000001,-8.123906250000001,2.7590625,8331.71875
266618,-6.744375000000001,-8.737031250000001,2.7590625,8331.75
266619,-6.1312500000000005,-10.1165625,2.60578125,8331.78125
266620,-5.9779687500000005,-12.262500000000001,2.4525,8331.8125
266621,-6.744375000000001,-13.182187500000001,1.99265625,8331.84375
266622,-6.284531250000001,-12.875625000000001,1.6860937500000002,8331.875
266623,-5.36484375,-10.57640625,1.839375,8331.90625
266624,-3.5254687500000004,-8.123906250000001,0.9196875,8331.9375
266625,-3.3721875000000003,-8.737031250000001,0.613125,8331.96875
266626,-3.67875,-9.196875,0.613125,8332.0
266627,-4.13859375,-9.196875,0.9196875,8332.03125
266628,-3.67875,-8.58375,0.9196875,8332.0625
266629,-3.0656250000000003,-8.430468750000001,1.6860937500000002,8332.09375
266630,-3.67875,-8.58375,2.60578125,8332.125
266631,-3.5254687500000004,-8.430468750000001,3.0656250000000003,8332.15625
266632,-3.9853125,-8.58375,3.0656250000000003,8332.1875
266633,-5.2115625,-8.8903125,3.0656250000000003,8332.21875
266634,-5.05828125,-7.81734375,4.905,8332.25
266635,-5.67140625,-7.050937500000001,4.5984375,8332.28125
266636,-6.437812500000001,-7.050937500000001,5.05828125,8332.3125
266637,-7.050937500000001,-6.744375000000001,6.437812500000001,8332.34375
266638,-7.3575,-6.897656250000001,6.591093750000001,8332.375
266639,-7.81734375,-6.284531250000001,8.2771875,8332.40625
266640,-5.05828125,-3.9853125,8.737031250000001,8332.4375
266641,-4.13859375,-2.60578125,8.2771875,8332.46875
266642,-2.9123437500000002,-0.613125,6.591093750000001,8332.5
266643,-2.7590625,0.0,6.1312500000000005,8332.53125
266644,-2.9123437500000002,-0.3065625,5.67140625,8332.5625
266645,-3.0656250000000003,-0.7664062500000001,6.284531250000001,8332.59375
266646,-3.3721875000000003,-1.839375,6.591093750000001,8332.625
266647,-3.5254687500000004,-1.99265625,6.437812500000001,8332.65625
266648,-1.5328125000000001,-2.29921875,5.518125,8332.6875
266649,-4.5984375,-2.29921875,3.83203125,8332.71875
266650,-8.58375,0.45984375,6.744375000000001,8332.75
266651,-5.9779687500000005,-2.4525,8.58375,8332.78125
266652,-5.9779687500000005,1.07296875,10.88296875,8332.8125
266653,-2.1459375,-0.7664062500000001,10.88296875,8332.84375
266654,-3.0656250000000003,-0.9196875,8.430468750000001,8332.875
266655,-6.437812500000001,-1.6860937500000002,6.591093750000001,8332.90625
266656,-7.51078125,-2.1459375,6.591093750000001,8332.9375
266657,-4.291875,-4.5984375,8.58375,8332.96875
266658,-4.44515625,-4.291875,9.043593750000001,8333.0
266659,-5.8246875000000005,-2.7590625,7.204218750000001,8333.03125
266660,-6.591093750000001,-0.45984375,8.58375,8333.0625
266661,-5.9779687500000005,-0.45984375,9.350156250000001,8333.09375
266662,-5.8246875000000005,-0.9196875,7.204218750000001,8333.125
266663,-6.284531250000001,-1.839375,6.1312500000000005,8333.15625
266664,-5.518125,-2.29921875,6.591093750000001,8333.1875
266665,-5.36484375,-2.9123437500000002,8.2771875,8333.21875
266666,-5.36484375,-2.29921875,8.2771875,8333.25
266667,-5.67140625,-2.29921875,6.897656250000001,8333.28125
266668,-5.518125,-1.99265625,6.591093750000001,8333.3125
266669,-6.284531250000001,-2.9123437500000002,5.67140625,8333.34375
266670,-6.284531250000001,-2.60578125,5.9779687500000005,8333.375
266671,-6.744375000000001,-2.7590625,6.437812500000001,8333.40625
266672,-6.1312500000000005,-1.839375,7.204218750000001,8333.4375
266673,-6.284531250000001,-1.22625,6.897656250000001,8333.46875
266674,-5.518125,-1.839375,7.204218750000001,8333.5
266675,-6.591093750000001,-1.839375,7.3575,8333.53125
266676,-6.284531250000001,-1.37953125,7.6640625,8333.5625
266677,-6.591093750000001,-0.9196875,7.6640625,8333.59375
266678,-6.437812500000001,-1.37953125,7.6640625,8333.625
266679,-6.437812500000001,-0.9196875,7.51078125,8333.65625
266680,-6.284531250000001,-0.9196875,7.970625,8333.6875
266681,-6.1312500000000005,-1.22625,7.51078125,8333.71875
266682,-5.36484375,-2.29921875,7.3575,8333.75
266683,-5.05828125,-2.60578125,7.204218750000001,8333.78125
266684,-5.9779687500000005,-2.4525,7.3575,8333.8125
266685,-5.9779687500000005,-2.1459375,7.51078125,8333.84375
266686,-6.284531250000001,-2.29921875,7.204218750000001,8333.875
266687,-5.67140625,-3.2189062500000003,6.437812500000001,8333.90625
266688,-5.67140625,-2.9123437500000002,6.1312500000000005,8333.9375
266689,-5.67140625,-3.0656250000000003,6.284531250000001,8333.96875
266690,-5.8246875000000005,-2.9123437500000002,6.744375000000001,8334.0
266691,-5.67140625,-2.9123437500000002,6.744375000000001,8334.03125
266692,-5.2115625,-2.9123437500000002,7.204218750000001,8334.0625
266693,-5.05828125,-3.0656250000000003,7.51078125,8334.09375
266694,-5.05828125,-2.4525,7.81734375,8334.125
266695,-5.36484375,-2.29921875,7.6640625,8334.15625
266696,-5.2115625,-2.1459375,7.3575,8334.1875
266697,-5.9779687500000005,-1.5328125000000001,7.050937500000001,8334.21875
266698,-6.437812500000001,-1.5328125000000001,7.81734375,8334.25
266699,-6.284531250000001,-0.7664062500000001,9.043593750000001,8334.28125
266700,-6.897656250000001,-1.07296875,8.430468750000001,8334.3125
266701,-5.67140625,-1.6860937500000002,7.51078125,8334.34375
266702,-5.8246875000000005,-2.29921875,5.9779687500000005,8334.375
266703,-5.67140625,-2.1459375,6.1312500000000005,8334.40625
266704,-5.518125,-2.1459375,7.51078125,8334.4375
266705,-5.518125,-1.6860937500000002,8.123906250000001,8334.46875
266706,-5.36484375,-1.99265625,7.970625,8334.5
266707,-5.2115625,-1.99265625,7.51078125,8334.53125
266708,-5.518125,-2.4525,7.204218750000001,8334.5625
266709,-5.36484375,-2.7590625,7.204218750000001,8334.59375
266710,-5.05828125,-3.3721875000000003,7.3575,8334.625
266711,-5.67140625,-2.9123437500000002,7.204218750000001,8334.65625
266712,-5.2115625,-2.1459375,7.3575,8334.6875
266713,-5.518125,-1.99265625,7.050937500000001,8334.71875
266714,-5.8246875000000005,-1.99265625,7.3575,8334.75
266715,-6.284531250000001,-1.6860937500000002,7.6640625,8334.78125
266716,-5.8246875000000005,-1.5328125000000001,7.970625,8334.8125
266717,-5.518125,-0.7664062500000001,8.2771875,8334.84375
266718,-5.67140625,-1.22625,7.81734375,8334.875
266719,-5.518125,-0.9196875,7.51078125,8334.90625
266720,-5.36484375,-1.22625,8.123906250000001,8334.9375
266721,-5.2115625,-1.99265625,7.970625,8334.96875
